Sensor 1 Data:
0.5397,0.4376,-0.5701,0.4385,3.0,-1.6221779071910873,-0.47318042911348357,1739132349.6104236
0.5397,0.4376,-0.5701,0.4385,3.0,-1.6221779071910873,-0.47318042911348357,1739132349.6315265
0.5397,0.4376,-0.5701,0.4385,3.0,-1.6221779071910873,-0.47318042911348357,1739132349.6515894
0.5397,0.4376,-0.5701,0.4385,3.0,-1.6221779071910873,-0.47318042911348357,1739132349.6716945
0.5397,0.4376,-0.5701,0.4385,3.0,-1.6221779071910873,-0.47318042911348357,1739132349.68837
0.5397,0.4376,-0.5701,0.4385,3.0,-1.6221779071910873,-0.47318042911348357,1739132349.708906
0.5397,0.4376,-0.5701,0.4385,3.0,-1.6221779071910873,-0.47318042911348357,1739132349.7294104
0.5397,0.4376,-0.5701,0.4385,3.0,-1.6221779071910873,-0.47318042911348357,1739132349.7503414
0.5397,0.4376,-0.5701,0.4385,3.0,-1.6221779071910873,-0.47318042911348357,1739132349.7704756
0.5397,0.4376,-0.5701,0.4385,3.0,-1.6221779071910873,-0.47318042911348357,1739132349.7914329
0.5397,0.4376,-0.5701,0.4385,3.0,-1.6221779071910873,-0.47318042911348357,1739132349.811781
0.5397,0.4376,-0.5701,0.4385,3.0,-1.6221779071910873,-0.47318042911348357,1739132349.8327458
0.5397,0.4376,-0.5701,0.4385,3.0,-1.6221779071910873,-0.47318042911348357,1739132349.8523555
0.5396,0.4376,-0.5701,0.4385,3.0,-1.6169816358011246,-0.47339144276173784,1739132349.8729546
0.5396,0.4377,-0.5701,0.4384,3.0,-1.6170537103206186,-0.48342790463632923,1739132349.8893263
0.5397,0.4377,-0.57,0.4384,3.0,-1.617394656083718,-0.4703674520534662,1739132349.9104967
0.5399,0.4379,-0.5698,0.4383,3.0,-1.6118203198834635,-0.4641621293874323,1739132349.930278
0.54,0.4379,-0.5698,0.4382,3.0,-1.6234095838967164,-0.4641225631849295,1739132349.9505231
0.5402,0.438,-0.5696,0.438,3.0,-1.6305460840505077,-0.44823056976272824,1739132349.9715455
0.5402,0.438,-0.5695,0.4382,3.0,-1.612888367525727,-0.4350524235956641,1739132349.9914663
0.54,0.4379,-0.5696,0.4384,3.0,-1.6008980142442226,-0.4380976379608512,1739132350.0124702
0.5397,0.4382,-0.5698,0.4382,3.0,-1.5888695951549323,-0.494376448636217,1739132350.0326478
0.5395,0.4382,-0.5699,0.4382,3.0,-1.5833360035853161,-0.5076468922682125,1739132350.0533476
0.5393,0.4388,-0.5701,0.4377,3.0,-1.5767773383946633,-0.5939241219582243,1739132350.069506
0.5388,0.4397,-0.5699,0.4377,3.0,-1.4842906195275418,-0.65839035252597,1739132350.090503
0.5374,0.4423,-0.5683,0.4389,3.0,-1.0929411621893337,-0.7124844229816176,1739132350.1116457
0.5327,0.4462,-0.566,0.4437,3.0,-0.18301370968072206,-0.8105263328731382,1739132350.1315825
0.5254,0.4452,-0.5703,0.4478,3.0,0.1932128531606736,-1.2688716265069786,1739132350.1514378
0.5197,0.4501,-0.5708,0.4489,3.0,0.8517388587798962,-1.8377649202708142,1739132350.1725395
0.5144,0.4551,-0.5717,0.4487,3.0,1.3939938330817938,-2.4759197276738973,1739132350.192716
0.5076,0.4615,-0.5722,0.4492,3.0,2.1696875244962257,-3.2161374780270364,1739132350.2125103
0.5005,0.4697,-0.5708,0.4506,3.0,3.2220576284864535,-3.9097284553774045,1739132350.23353
0.4967,0.4737,-0.5667,0.4559,3.0,4.214565796775673,-3.806572811742626,1739132350.253756
0.4921,0.4802,-0.5601,0.4622,3.0,5.588509491840512,-3.6643232132263392,1739132350.2736967
0.4883,0.4847,-0.5548,0.4678,3.0,6.68879413584537,-3.4845540219952795,1739132350.2943757
0.483,0.4916,-0.5472,0.475,3.0,8.232886560634967,-3.2961004284452997,1739132350.3145015
0.4774,0.4987,-0.539,0.4826,3.0,9.861407000890438,-3.080350413982245,1739132350.3314471
0.4736,0.5045,-0.5311,0.489,3.0,11.220279159305761,-2.777655026449281,1739132350.3523612
0.4767,0.5067,-0.5284,0.4865,3.0,11.157021937736886,-2.705152084715479,1739132350.3725405
0.4757,0.5032,-0.5302,0.4893,3.0,11.085857571901983,-2.5173388470772124,1739132350.3974576
0.4747,0.5037,-0.5284,0.4917,3.0,11.411933338403315,-2.3563105984357264,1739132350.4143758
0.4747,0.5027,-0.5283,0.4929,3.0,11.430269344620115,-2.2283434310434984,1739132350.4349072
0.476,0.5013,-0.5281,0.4932,3.0,11.300436079258901,-2.043038934483974,1739132350.4547226
0.4761,0.5013,-0.5273,0.494,3.0,11.384196163176114,-1.9459715500040318,1739132350.4748547
0.4782,0.4991,-0.5278,0.4935,3.0,11.076257768998403,-1.7544676721812777,1739132350.494558
0.4789,0.4984,-0.5274,0.494,3.0,11.044910850975668,-1.625743277778355,1739132350.515451
0.4785,0.499,-0.527,0.4942,3.0,11.136543381729524,-1.6460475147389957,1739132350.532592
0.4789,0.4985,-0.5282,0.4931,3.0,10.955081078146833,-1.7339177498118943,1739132350.553696
0.4791,0.5004,-0.5263,0.493,3.0,11.149222925538709,-1.7218358367066742,1739132350.5734396
0.4855,0.5061,-0.521,0.4866,3.0,11.008783087089284,-1.7429222433577536,1739132350.5948815
0.4981,0.5211,-0.5078,0.4717,3.0,10.956334307934753,-1.9529077301689028,1739132350.614129
0.4923,0.5175,-0.5137,0.4753,3.0,10.979668266316708,-2.215751252505868,1739132350.634805
0.4877,0.5131,-0.5209,0.4771,3.0,10.713400879269045,-2.549963587100706,1739132350.6554885
0.4816,0.5072,-0.5288,0.4808,3.0,10.5330344887835,-2.811492429915745,1739132350.6756384
0.4777,0.4991,-0.5381,0.4828,3.0,9.92591763439475,-3.0152398901425954,1739132350.6963146
0.4692,0.4913,-0.5455,0.4908,3.0,10.07152658745764,-3.0488161824805218,1739132350.7160046
0.4647,0.4885,-0.5439,0.4996,3.0,10.776195973827555,-2.53318651571297,1739132350.7333522
0.466,0.4879,-0.537,0.5063,3.0,11.405737712581612,-1.6099913821892073,1739132350.7536614
0.47,0.4926,-0.5229,0.5128,3.0,12.559616647950264,-0.4242780791342966,1739132350.7747407
0.4774,0.4971,-0.5071,0.5175,3.0,13.512619150239004,0.9306426333671141,1739132350.794435
0.4846,0.5015,-0.491,0.5221,3.0,14.514507493520227,2.2686059853202494,1739132350.814758
0.4918,0.5049,-0.477,0.5251,3.0,15.278224896181712,3.4297375911450843,1739132350.8356082
0.4973,0.5065,-0.468,0.5265,3.0,15.671206854984632,4.219500281303226,1739132350.855945
0.4965,0.5067,-0.4642,0.5304,3.0,16.172287954818387,4.602739931215524,1739132350.875682
0.4937,0.5035,-0.4667,0.5338,3.0,16.182213455594024,4.706835027511289,1739132350.896453
0.4917,0.5024,-0.467,0.5363,3.0,16.350669948185725,4.802080300785093,1739132350.9166431
0.4929,0.5029,-0.4651,0.5366,3.0,16.441933065670355,4.9469220839309855,1739132350.9370325
0.4882,0.4965,-0.4704,0.5422,3.0,16.321255798296164,5.112044248972239,1739132350.9547136
0.4761,0.4893,-0.4775,0.553,3.0,16.74785776224121,5.154986693308501,1739132350.9744635
0.4583,0.4763,-0.4913,0.5671,3.0,16.943632422194526,5.061280277988374,1739132350.9948368
0.4511,0.4709,-0.4965,0.5729,3.0,17.04242103955579,5.058497041228861,1739132351.0158415
0.443,0.4636,-0.5025,0.58,3.0,17.09696304262303,5.153157474180745,1739132351.0364172
0.4425,0.4586,-0.5048,0.5822,3.0,16.7929671792092,5.4173072446559445,1739132351.0567346
0.4413,0.454,-0.5052,0.5864,3.0,16.756066879832673,5.853061450932103,1739132351.0770352
0.4438,0.4514,-0.5015,0.5897,3.0,16.800832020225755,6.552039974096203,1739132351.0985754
0.4504,0.4532,-0.4946,0.5891,3.0,16.87403594077091,7.1560444155629455,1739132351.1182764
0.46,0.46,-0.4883,0.5817,3.0,16.72926835761251,7.153546159593219,1739132351.1382322
0.4677,0.4665,-0.4868,0.5717,3.0,16.26904267425246,6.627863327952696,1739132351.1583178
0.4762,0.4733,-0.4862,0.5593,3.0,15.593021509279083,5.9609432549464145,1739132351.1755178
0.4908,0.4827,-0.4817,0.5423,3.0,14.688313736768805,5.428715815055085,1739132351.1965585
0.5001,0.4872,-0.4813,0.53,3.0,13.786726321627754,4.971704800143414,1739132351.2165427
0.5025,0.4888,-0.4836,0.524,3.0,13.281346575945747,4.538121936508901,1739132351.236604
0.4983,0.491,-0.4861,0.5237,3.0,13.486091456461736,4.01244716551966,1739132351.2566476
0.4909,0.4973,-0.4869,0.5241,3.0,14.253932535455647,3.2089490225577038,1739132351.2769034
0.483,0.5,-0.4914,0.5247,3.0,14.641703756141851,2.3956746688652117,1739132351.2996585
0.482,0.5018,-0.4935,0.5219,3.0,14.528884716949165,1.952034572244969,1739132351.3185403
0.4843,0.5007,-0.4946,0.5197,3.0,14.145576244498699,1.9538946917578528,1739132351.3394194
0.4897,0.4992,-0.493,0.5176,3.0,13.719656191573762,2.306876838821438,1739132351.3593366
0.495,0.4976,-0.4901,0.5168,3.0,13.44442415064583,2.816530283286113,1739132351.376561
0.4996,0.4956,-0.4875,0.5168,3.0,13.2166294997254,3.335594553309278,1739132351.3970065
0.5043,0.4963,-0.4825,0.5164,3.0,13.262013697771152,3.8118134678523745,1739132351.4169052
0.5081,0.499,-0.4772,0.515,3.0,13.440768969074668,4.0869614569791395,1739132351.4367647
0.5094,0.5024,-0.4739,0.5134,3.0,13.671240503737721,4.056577976476234,1739132351.4581385
0.5092,0.5066,-0.4714,0.5118,3.0,13.98226698877113,3.8415005204013823,1739132351.478445
0.5077,0.5099,-0.4696,0.5116,3.0,14.350310826534269,3.6512106828498645,1739132351.4984
0.5033,0.5102,-0.47,0.5152,3.0,14.792978009009602,3.573163312196044,1739132351.5195837
0.5007,0.5102,-0.4702,0.5176,3.0,15.062235930104833,3.5514835533146822,1739132351.5394475
0.499,0.5098,-0.471,0.5189,3.0,15.160479174493759,3.5119415222341104,1739132351.5595896
0.4974,0.5106,-0.4715,0.5193,3.0,15.288941359061482,3.364100295673296,1739132351.576724
0.4957,0.5121,-0.4723,0.5186,3.0,15.383676753178975,3.1018890612632504,1739132351.598204
0.4898,0.5113,-0.476,0.5217,3.0,15.629114773321021,2.793387540095324,1739132351.618142
0.4795,0.5044,-0.4847,0.5298,3.0,15.76914917807099,2.6388279237869483,1739132351.6384134
0.4738,0.4955,-0.4913,0.5372,3.0,15.607262672449167,2.9205212888358574,1739132351.6596575
0.4718,0.481,-0.4942,0.5494,3.0,15.345081970240244,4.216364659041773,1739132351.6799915
0.4825,0.4611,-0.4854,0.5647,3.0,14.79264182272152,7.362594425999873,1739132351.6994665
0.5089,0.4369,-0.4639,0.5789,3.0,13.740150339852448,12.243195115246635,1739132351.7205982
0.5425,0.4094,-0.4353,0.5903,3.0,12.43507079501714,18.02779577694301,1739132351.7405438
0.5753,0.38,-0.4047,0.6006,3.0,11.204722286214007,23.979631788200123,1739132351.760391
0.6041,0.3493,-0.3732,0.6113,3.0,10.21985776946326,29.93729589299045,1739132351.7805972
0.6381,0.3235,-0.3362,0.6125,3.0,9.499507012845072,35.795427736415064,1739132351.8016996
0.6819,0.3044,-0.2941,0.5965,3.0,8.939209083642368,41.33755317144997,1739132351.8223724
0.7093,0.2907,-0.2677,0.5837,3.0,8.58548624450799,44.86418759578561,1739132351.83853
0.7119,0.3012,-0.2725,0.5729,3.0,8.464270027466085,43.48930127869167,1739132351.8592374
0.6798,0.3387,-0.3139,0.5698,3.0,8.920695275808441,36.412341080052386,1739132351.880505
0.5757,0.3827,-0.405,0.5984,3.0,11.261062982373403,23.692423503200104,1739132351.9528072
0.5279,0.4455,-0.4463,0.5689,3.0,13.864478662540648,13.230356679760206,1739132351.9584754
0.5112,0.4504,-0.4537,0.5745,3.0,14.902703008906258,11.938784004340533,1739132351.9627562
0.5327,0.4211,-0.4258,0.598,3.0,14.762369328810877,17.84233831690827,1739132351.964927
0.5791,0.3823,-0.3766,0.6137,3.0,13.866940174539451,26.509026768074875,1739132351.982589
0.6405,0.3463,-0.3217,0.6053,3.0,12.265655855274417,35.00277462727948,1739132352.0026252
0.6916,0.3182,-0.2852,0.5823,3.0,10.001525464444398,40.82572394004464,1739132352.0738637
0.7156,0.3058,-0.2767,0.5638,3.0,7.86855074597986,42.70636678808586,1739132352.0770836
0.7145,0.3154,-0.2938,0.5511,3.0,6.449031728056212,40.35121584506305,1739132352.080938
0.6863,0.3407,-0.3369,0.5471,3.0,5.65730094995385,34.161404379216265,1739132352.0832033
0.6352,0.3757,-0.3984,0.5446,3.0,5.704113145067765,25.013619007379788,1739132352.152942
0.5734,0.4132,-0.4603,0.5371,3.0,6.816398890601988,14.998632552157034,1739132352.1562865
0.5419,0.4472,-0.4852,0.5204,3.0,8.281815453291642,8.8420449463963,1739132352.1584086
0.545,0.4384,-0.4726,0.5361,3.0,9.153463456628913,11.143314271973964,1739132352.1627219
0.5861,0.4014,-0.4224,0.5629,3.0,9.158097549066156,20.137949470773776,1739132352.1823883
0.6507,0.3555,-0.347,0.5743,3.0,8.899533950802919,31.84410950511881,1739132352.2036161
0.7285,0.3129,-0.2689,0.547,3.0,8.001312809338799,42.683674212925695,1739132352.2751877
0.7778,0.2751,-0.2256,0.5181,3.0,6.089041149917222,49.73726234909216,1739132352.2804883
0.7979,0.2686,-0.2214,0.4922,3.0,3.946361468814274,50.676978550016855,1739132352.2826595
0.7815,0.2953,-0.2567,0.486,3.0,2.6518095585299193,45.350240051831065,1739132352.2847629
0.7304,0.3438,-0.3229,0.494,3.0,2.6427473669352253,35.13480681643446,1739132352.3531184
0.655,0.4025,-0.3995,0.4994,3.0,4.312841165291331,22.321242130174113,1739132352.357224
0.5718,0.4463,-0.4615,0.5107,3.0,7.585272733693699,11.536768369595165,1739132352.3608067
0.536,0.4672,-0.472,0.5212,3.0,10.68020664285524,8.188439137441463,1739132352.363008
0.551,0.4493,-0.4408,0.5479,3.0,12.160570310873197,13.40362562865758,1739132352.3835177
0.5985,0.405,-0.3838,0.5748,3.0,12.157413611644017,23.58910943718257,1739132352.4036233
0.6563,0.3511,-0.3214,0.5854,3.0,11.03582441511594,34.57079557951869,1739132352.4244196
0.7078,0.3031,-0.2766,0.575,3.0,8.482021799411399,42.96685333518013,1739132352.444705
0.7425,0.2739,-0.259,0.5536,3.0,5.084472772903808,47.12910248451624,1739132352.5173433
0.7503,0.2693,-0.2726,0.5388,3.0,2.1087733676256732,46.35457121603588,1739132352.5232558
0.7328,0.2875,-0.3107,0.5328,3.0,0.5740169532045343,41.330227743127665,1739132352.525533
0.7039,0.3302,-0.3546,0.5195,3.0,1.162913487012048,33.45262743110078,1739132352.5281565
0.65,0.3819,-0.4031,0.5187,3.0,3.817964845547891,23.960172053142173,1739132352.5969386
0.5859,0.425,-0.4454,0.527,2.0,7.402907980614913,15.422418528216184,1739132352.601829
0.5535,0.4481,-0.4526,0.5366,2.0,10.600624029920425,12.297252893434319,1739132352.6051507
0.5602,0.4345,-0.4259,0.562,2.0,12.439646921188313,16.468982860371625,1739132352.606268
0.5962,0.3928,-0.376,0.5907,2.0,12.761412220493241,25.538902470248672,1739132352.6254277
0.6423,0.3398,-0.322,0.6069,2.0,11.692526975971646,35.591977303020144,1739132352.6449227
0.686,0.2908,-0.2816,0.6047,2.0,9.091643441228229,43.65940298925236,1739132352.6658235
0.7147,0.255,-0.2656,0.5946,2.0,5.367643605485114,48.21129730878627,1739132352.733809
0.7287,0.2418,-0.2733,0.5795,2.0,1.7691508549530681,48.61472099702718,1739132352.7358625
0.7263,0.2526,-0.3005,0.5643,2.0,-0.32907172992892697,45.18943687870734,1739132352.738475
0.7123,0.2871,-0.3359,0.5452,2.0,-0.27307176019809276,38.97353334387296,1739132352.7449348
0.6845,0.3428,-0.3735,0.5239,2.0,1.750509840978964,30.494429891154113,1739132352.816928
0.6268,0.4028,-0.42,0.5181,2.0,5.153959063731406,20.24584778375521,1739132352.8206472
0.5633,0.4518,-0.4577,0.5187,2.0,9.043001842611858,11.368141377536205,1739132352.823707
0.5322,0.4731,-0.4652,0.5258,2.0,11.910875551863455,8.284085855947183,1739132352.8257513
0.544,0.4599,-0.4444,0.5432,2.0,12.714884805144209,11.905020578183837,1739132352.846543
0.5801,0.4241,-0.4082,0.563,2.0,12.012458226907256,19.298998430814834,1739132352.866866
0.6264,0.3835,-0.3658,0.5717,2.0,10.514205470225875,27.40851930849226,1739132352.8835046
0.6707,0.3491,-0.3303,0.565,2.0,8.471029442346321,33.96995962194396,1739132352.9039528
0.6958,0.3261,-0.3146,0.5573,2.0,6.4963027987896,37.53048296335726,1739132352.9244003
0.6992,0.3193,-0.3175,0.5554,2.0,5.398420633872149,37.89257187924204,1739132352.9447699
0.6886,0.3284,-0.3284,0.5569,2.0,5.739008657534782,36.07228895400502,1739132352.9655292
0.6705,0.3489,-0.3371,0.5612,2.0,7.689434615347238,33.376439764272305,1739132352.987193
0.6429,0.37,-0.3434,0.5761,2.0,10.77381221237485,30.78188527683008,1739132353.0070357
0.6185,0.3912,-0.3407,0.5902,2.0,14.38088500672319,28.920329862568195,1739132353.0271552
0.5968,0.4098,-0.3312,0.6052,2.0,18.230356266321564,27.824402463270474,1739132353.0471983
0.5767,0.4258,-0.3174,0.6208,2.0,22.18253842629443,27.261090491426643,1739132353.0683262
0.5566,0.4398,-0.301,0.6373,2.0,26.254202102596707,27.010369483996726,1739132353.0867572
0.5356,0.4517,-0.2837,0.6547,2.0,30.357233669667067,26.94708442848554,1739132353.1049037
0.5154,0.4614,-0.2666,0.6711,2.0,34.231459082946685,27.01796332142203,1739132353.1255493
0.4986,0.4682,-0.2496,0.6855,2.0,37.682394150193375,27.329488321288636,1739132353.1457489
0.4856,0.4729,-0.2324,0.6976,2.0,40.762105832984076,27.822040850130094,1739132353.166233
0.4749,0.4777,-0.2159,0.7068,2.0,43.556922242277096,28.188227160334606,1739132353.186801
0.4639,0.4824,-0.2036,0.7146,2.0,45.90198583553112,28.269554475342773,1739132353.2071207
0.4564,0.4879,-0.1947,0.7181,2.0,47.5815915599716,28.041174972707438,1739132353.2267733
0.4444,0.4933,-0.1932,0.7224,2.0,48.7887219096321,27.436575544351143,1739132353.2482653
0.4313,0.4985,-0.1954,0.7261,3.0,49.66097528701724,26.673940522422015,1739132353.268487
0.4185,0.5041,-0.1983,0.729,3.0,50.442653958421886,25.81935253548673,1739132353.288172
0.409,0.5067,-0.1967,0.733,3.0,51.39827008826637,25.568694035728214,1739132353.3092442
0.4044,0.5043,-0.1906,0.7388,3.0,52.375849954326355,26.17144407028772,1739132353.329226
0.4029,0.4943,-0.1804,0.7488,3.0,53.442027748378536,27.923294540244882,1739132353.3464746
0.4056,0.4769,-0.1671,0.7616,3.0,54.42711366057435,30.714087201254017,1739132353.366723
0.4153,0.4559,-0.1531,0.7722,3.0,54.94004214245362,33.92675537897992,1739132353.3870678
0.4298,0.4332,-0.1405,0.7797,3.0,54.940400862539235,37.23437974732681,1739132353.4068677
0.4449,0.411,-0.1312,0.7849,3.0,54.52527975800544,40.29923029018261,1739132353.4281595
0.4603,0.3925,-0.1249,0.7864,3.0,53.78161259758227,42.771740761357336,1739132353.4492443
0.4777,0.3827,-0.1237,0.7811,3.0,52.41385256467322,43.98643408097155,1739132353.4684772
0.4844,0.3882,-0.1318,0.7728,3.0,50.94195267051555,43.01467260877223,1739132353.4892342
0.4788,0.4221,-0.1516,0.7548,3.0,49.63038741048604,38.121774656280365,1739132353.510323
0.447,0.4865,-0.1861,0.7273,3.0,49.266842394124694,28.634719150859837,1739132353.581855
0.3936,0.5549,-0.2232,0.6981,3.0,50.44837050361568,17.949809141997292,1739132353.5862706
0.3624,0.5902,-0.2311,0.6833,3.0,52.4516218906885,12.752059251580249,1739132353.5900242
0.3627,0.5677,-0.2183,0.7061,3.0,53.553567151122934,16.495322439690767,1739132353.5933056
0.3898,0.5117,-0.1877,0.7424,3.0,53.92930969263713,25.361374624739227,1739132353.608851
0.4265,0.4418,-0.1513,0.7747,3.0,54.03630284714055,35.73820131968384,1739132353.6291976
0.4685,0.3759,-0.1202,0.7905,3.0,53.388921127037065,44.92812945285857,1739132353.7008924
0.5037,0.3269,-0.102,0.7931,3.0,52.026257860572684,51.36722117255303,1739132353.705302
0.5262,0.3061,-0.098,0.7872,3.0,50.26169694913915,53.92483215994531,1739132353.7074237
0.5375,0.3188,-0.1079,0.7732,3.0,48.27074208017348,52.082924236641446,1739132353.710967
0.5305,0.3622,-0.1326,0.7549,3.0,46.57026507895182,46.0418561542441,1739132353.7307475
0.5051,0.4308,-0.1669,0.729,3.0,45.88096185192035,36.38597902412624,1739132353.8033793
0.45,0.5142,-0.2125,0.6985,3.0,46.530400865053196,23.80773176474895,1739132353.8066473
0.389,0.5865,-0.2468,0.6661,3.0,48.668873789420104,12.384892828561277,1739132353.8092897
0.358,0.5992,-0.2567,0.6685,3.0,50.414295916543125,10.053144927357465,1739132353.8115838
0.3753,0.5525,-0.2363,0.7057,3.0,50.614451110292094,17.548874078665392,1739132353.8290706
0.4142,0.4778,-0.1941,0.75,3.0,50.75586073995535,29.326957624592325,1739132353.8497875
0.4572,0.3958,-0.1474,0.7827,3.0,51.05866195891517,41.45126123567542,1739132353.869763
0.4944,0.3269,-0.1118,0.7976,3.0,51.10125243127325,50.99599459173956,1739132353.9428873
0.5202,0.2928,-0.0974,0.7963,2.0,50.21991782310903,55.473121893005754,1739132353.9472938
0.5217,0.3049,-0.1103,0.7891,2.0,48.417075173943886,53.58020059152676,1739132353.949839
0.5098,0.3504,-0.1407,0.7729,2.0,46.48899048035898,47.051876258544354,1739132353.9519765
0.4951,0.4157,-0.1747,0.7427,2.0,45.29196165363723,37.81263150421532,1739132354.0240302
0.4644,0.4945,-0.2095,0.7042,2.0,45.410906611738085,26.453098711818825,1739132354.0297828
0.4001,0.5695,-0.2501,0.6731,2.0,47.33821088596679,14.494214119055357,1739132354.0332081
0.3588,0.6093,-0.2595,0.6578,2.0,50.09552735548678,8.473786946364328,1739132354.0353906
0.3581,0.5814,-0.2457,0.688,2.0,51.369408007061594,13.143729590003403,1739132354.0506384
0.3918,0.5164,-0.2043,0.7336,2.0,52.08443720998801,23.94857412312882,1739132354.0714421
0.4324,0.4357,-0.1555,0.774,2.0,52.943559875930845,36.305401444508874,1739132354.0917683
0.4821,0.3636,-0.113,0.7891,2.0,53.08800662566381,46.656612249846944,1739132354.1629174
0.5201,0.3177,-0.0922,0.7874,2.0,52.145876768624646,52.78398880890043,1739132354.1673825
0.5353,0.3141,-0.0955,0.7782,2.0,50.340635754781374,53.0890173216863,1739132354.1699862
0.5263,0.3492,-0.1202,0.7659,2.0,48.28531943644373,48.073024463609556,1739132354.1733599
0.5085,0.4084,-0.1545,0.7421,2.0,46.63353307542937,39.639310357921374,1739132354.242943
0.4765,0.4817,-0.1938,0.7095,2.0,45.973613727297334,28.857713847132942,1739132354.2473526
0.4199,0.5502,-0.2365,0.6819,2.0,46.89101906711028,17.840361193882188,1739132354.2499638
0.3831,0.587,-0.2478,0.6688,2.0,49.08338877711003,12.25753389640144,1739132354.2522485
0.3787,0.563,-0.2319,0.697,2.0,50.87178748953613,16.40051248048053,1739132354.2716815
0.406,0.5012,-0.191,0.74,2.0,52.16264450093044,26.54442405321541,1739132354.2923555
0.4451,0.4248,-0.1405,0.7757,2.0,53.62636622544892,38.2602746410295,1739132354.3124182
0.4943,0.3577,-0.0982,0.7861,2.0,54.26206976782831,47.87416050063666,1739132354.3852189
0.5235,0.3151,-0.0824,0.7874,2.0,53.5023536000179,53.40120963923542,1739132354.3895802
0.53,0.3039,-0.0867,0.7869,2.0,51.89067900722574,54.57347045459275,1739132354.3927786
0.5243,0.3182,-0.1039,0.783,2.0,49.88553311761564,52.30562153582579,1739132354.3948295
0.521,0.3503,-0.1247,0.7683,2.0,48.03832897096564,47.76143486474501,1739132354.410592
0.5198,0.3996,-0.1431,0.7414,2.0,47.03768667748119,41.186571367107916,1739132354.4314516
0.5033,0.4709,-0.1636,0.7058,2.0,47.12448584910993,31.616195188454867,1739132354.5039887
0.4393,0.5547,-0.2007,0.6776,2.0,48.928026441049866,19.11873747461061,1739132354.5096676
0.3705,0.6129,-0.2266,0.66,2.0,52.17655541620098,9.815555725183714,1739132354.5127704
0.3494,0.6063,-0.2239,0.6783,2.0,54.25292478501285,10.889875311611746,1739132354.5148888
0.3705,0.5574,-0.197,0.7164,2.0,54.963696407414574,18.935871229347953,1739132354.5345256
0.4089,0.4921,-0.1586,0.7521,2.0,55.37940606369847,29.14994096960288,1739132354.554388
0.4581,0.4352,-0.1248,0.765,2.0,54.85988282609608,37.57843348882062,1739132354.5747712
0.4936,0.4048,-0.1135,0.7613,2.0,53.154404216339174,41.69824533843459,1739132354.5946426
0.5015,0.4065,-0.1246,0.7535,2.0,51.087595814423,41.09560375021502,1739132354.6152956
0.4955,0.4274,-0.1461,0.7419,2.0,49.164722605927864,37.71630486033766,1739132354.632416
0.4816,0.4519,-0.1725,0.7308,2.0,47.4971007666567,33.563837372542,1739132354.6525154
0.4681,0.4696,-0.1953,0.7227,2.0,46.26180437598492,30.277158439245568,1739132354.6735125
0.4627,0.4758,-0.2071,0.7188,2.0,45.48331432813535,28.898608145027794,1739132354.6935966
0.473,0.4691,-0.2048,0.7171,2.0,44.78102971503108,29.844107363380886,1739132354.7141366
0.4862,0.4594,-0.2013,0.7156,2.0,43.91963189138161,31.210430743973888,1739132354.7346053
0.4981,0.4501,-0.1999,0.7136,2.0,42.912510195946055,32.4114807233787,1739132354.7555828
0.507,0.4432,-0.2018,0.7112,2.0,41.80981931234655,33.13406834197764,1739132354.775809
0.5139,0.4385,-0.2065,0.7078,2.0,40.576598121613074,33.434367517680926,1739132354.7955294
0.5206,0.4344,-0.213,0.7035,2.0,39.15293752189794,33.54942868188479,1739132354.8167899
0.5288,0.4297,-0.2209,0.6978,2.0,37.413079240293484,33.635453260805775,1739132354.836717
0.5403,0.4249,-0.2286,0.6894,2.0,35.40773810336702,33.72228462438463,1739132354.8532724
0.5527,0.4202,-0.2367,0.6797,2.0,33.265989378466685,33.74863690593031,1739132354.8746157
0.5632,0.4156,-0.2472,0.6701,2.0,30.98467986219137,33.58121709537352,1739132354.8948174
0.5732,0.4119,-0.2601,0.6589,2.0,28.482998054941163,33.11167213613598,1739132354.914793
0.5833,0.41,-0.2759,0.6447,2.0,25.699809759048833,32.18474457574325,1739132354.9356625
0.5903,0.4101,-0.2955,0.6293,2.0,22.831775075405375,30.693676972183937,1739132354.9562194
0.5933,0.4128,-0.3187,0.6133,2.0,20.054951236416542,28.54954657352593,1739132354.9764955
0.5936,0.4185,-0.3438,0.5953,2.0,17.453711264141248,25.830884198255234,1739132354.9967043
0.5902,0.4261,-0.3703,0.5771,2.0,15.13999470186124,22.679789898307718,1739132355.0175047
0.5818,0.4321,-0.3962,0.5638,2.0,13.356646905379819,19.635898445675963,1739132355.0367472
0.577,0.4299,-0.412,0.559,2.0,12.085299803893975,18.329966450220383,1739132355.0546236
0.5884,0.4147,-0.4089,0.561,2.0,10.812969194628351,20.17992470575234,1739132355.074973
0.614,0.39,-0.3896,0.5649,2.0,9.419536924324888,24.511676331375327,1739132355.0958643
0.6483,0.3615,-0.3588,0.566,2.0,8.112510951357564,30.178797734859927,1739132355.1156032
0.6824,0.3308,-0.3249,0.5652,2.0,6.923970207024297,36.168623433293874,1739132355.1358905
0.7136,0.3021,-0.2925,0.5604,2.0,5.843090189896259,41.68469695018166,1739132355.1566477
0.742,0.2817,-0.267,0.5466,2.0,4.6871964520613005,45.74280805331975,1739132355.176672
0.761,0.2777,-0.2603,0.5253,2.0,3.2438729440741554,46.67530629125116,1739132355.1973195
0.7618,0.3017,-0.2817,0.4993,2.0,1.9801960778760588,42.660660455113856,1739132355.2185955
0.7226,0.3463,-0.3398,0.4925,2.0,1.5949016648393126,33.37016653364833,1739132355.288284
0.6482,0.3951,-0.4218,0.4958,2.0,2.3149708577680315,20.80655737628456,1739132355.290433
0.5867,0.4355,-0.4764,0.4889,2.0,4.0116078238832245,11.019653610242415,1739132355.2925355
0.5711,0.4342,-0.4832,0.5018,2.0,5.022031410132456,10.392331183837172,1739132355.295727
0.6026,0.4019,-0.4464,0.5254,2.0,4.857009709090676,17.5842070201102,1739132355.3161402
0.656,0.3574,-0.3846,0.5423,2.0,4.2554328518252476,28.077522506674427,1739132355.3368456
0.7084,0.3108,-0.3226,0.5455,2.0,3.3056935729781856,38.19187237068286,1739132355.3567882
0.7454,0.2712,-0.278,0.5417,2.0,2.07249406672355,45.71390395899499,1739132355.428269
0.7629,0.2506,-0.2576,0.5374,2.0,1.147455370844682,49.29416667280955,1739132355.4314575
0.765,0.2589,-0.264,0.5272,2.0,0.7889493516602784,48.0184146039671,1739132355.4348605
0.749,0.292,-0.297,0.5153,2.0,0.8160511247223212,42.19080468737582,1739132355.4383092
0.7167,0.3406,-0.3491,0.4984,2.0,0.8841026971654173,33.03688796015251,1739132355.5112004
0.6585,0.392,-0.4175,0.4883,2.0,1.528983112127662,21.54267525209295,1739132355.5154552
0.5903,0.433,-0.4808,0.4826,2.0,3.048443938687285,10.781332106198477,1739132355.5181565
0.5619,0.4438,-0.5018,0.4853,2.0,4.081546146757972,7.300439921686916,1739132355.520208
0.5858,0.4118,-0.4781,0.5087,2.0,3.4848136345225385,13.170145423229627,1739132355.5368063
0.6385,0.3652,-0.421,0.5308,2.0,2.4528927134474543,23.67594082142577,1739132355.5576046
0.6959,0.3162,-0.3538,0.5391,2.0,1.3272744003598973,34.763114599564545,1739132355.579357
0.7377,0.2715,-0.2993,0.5408,2.0,0.2315121602970862,43.750539029184324,1739132355.6516128
0.7592,0.2433,-0.2656,0.5422,2.0,-0.20062925057669645,49.1930148798736,1739132355.6560924
0.7662,0.2427,-0.2569,0.5367,2.0,0.15709169431931969,50.02606863577435,1739132355.6607525
0.7584,0.2685,-0.2751,0.5264,2.0,0.8437002437619583,46.20358655904869,1739132355.6628027
0.736,0.3135,-0.314,0.5112,2.0,1.5119181871828005,38.73878688967517,1739132355.6805649
0.6912,0.3702,-0.37,0.4983,2.0,2.579146739729538,28.297301682543548,1739132355.750379
0.618,0.4219,-0.4359,0.5001,2.0,4.82063256582245,16.724851729556264,1739132355.754533
0.5694,0.4595,-0.4657,0.4978,2.0,7.552819856686824,9.695851785176274,1739132355.758167
0.5713,0.4422,-0.4551,0.5206,2.0,8.29292342892569,12.644489629078095,1739132355.760384
0.6132,0.3984,-0.4069,0.5474,2.0,7.925434219006064,21.99353887489329,1739132355.7808013
0.6693,0.3442,-0.3401,0.5638,2.0,7.228226881866362,33.54063233324007,1739132355.8006184
0.7245,0.2914,-0.2774,0.5597,2.0,5.872284143358229,43.97108480241218,1739132355.871677
0.7643,0.2515,-0.2365,0.5447,2.0,4.012305436579766,51.02628503634509,1739132355.8760464
0.7777,0.2418,-0.2295,0.533,2.0,2.694995976684595,52.4707451860352,1739132355.8796399
0.7707,0.2699,-0.2534,0.5186,2.0,2.5174525073638563,47.96149088051254,1739132355.8829982
0.7401,0.3212,-0.3007,0.5087,2.0,3.1653383404160422,39.21042854539277,1739132355.9539344
0.6848,0.3813,-0.3649,0.5025,2.0,4.304999827501888,27.70882147260005,1739132355.9581494
0.6097,0.436,-0.4338,0.4999,2.0,6.268709731577303,15.509482528228318,1739132355.9612741
0.5619,0.4682,-0.4678,0.4963,2.0,8.252214040427873,8.535558374423374,1739132355.9633298
0.5687,0.4492,-0.4567,0.5161,2.0,8.524733272784744,11.745878754875719,1739132355.9804323
0.6114,0.4061,-0.4074,0.5434,2.0,8.313561350862017,21.187107013244457,1739132356.0003042
0.6655,0.3543,-0.34,0.5621,2.0,8.140361857820778,32.600079941968886,1739132356.0733192
0.7165,0.3054,-0.278,0.5622,2.0,7.583472331725488,42.63433671344794,1739132356.0783432
0.7507,0.2653,-0.2376,0.5565,2.0,6.477609246214627,49.690344591285,1739132356.081592
0.7698,0.2398,-0.2193,0.5493,2.0,4.8419887412920275,53.4940998006804,1739132356.0837007
0.7768,0.2316,-0.2225,0.5417,2.0,2.8130236774262016,53.95227227121214,1739132356.1025252
0.7778,0.2488,-0.2473,0.5214,2.0,0.7843241872548674,50.348296992425475,1739132356.1235363
0.7667,0.2895,-0.2872,0.4958,2.0,-0.10698365609141547,43.2873201502766,1739132356.1430666
0.7245,0.361,-0.3423,0.4769,2.0,1.6529417602244223,31.754245266690702,1739132356.211044
0.6339,0.4295,-0.4125,0.4935,2.0,5.832974452350868,18.321393556006797,1739132356.2166271
0.5658,0.4763,-0.446,0.5041,2.0,10.35618285232249,9.955309224404061,1739132356.2203834
0.565,0.4648,-0.4343,0.5255,2.0,11.643505552636583,12.411400683987324,1739132356.222419
0.6066,0.4249,-0.3905,0.5468,2.0,11.222887352443081,20.926961945097986,1739132356.2417727
0.6592,0.3773,-0.3384,0.5554,2.0,10.001531394886342,30.51566814033771,1739132356.262616
0.7045,0.3403,-0.3024,0.5445,2.0,7.849921407796046,37.25616343489003,1739132356.282425
0.7241,0.3198,-0.2958,0.5347,2.0,5.451113222761279,39.76855915911071,1739132356.303119
0.728,0.3201,-0.3068,0.5229,2.0,3.678973480491152,38.778593994589755,1739132356.3240058
0.7178,0.3294,-0.328,0.5183,2.0,2.7289134390154004,36.01794249345312,1739132356.3443437
0.7061,0.3398,-0.3485,0.5143,2.0,2.119264554796473,33.16558570807365,1739132356.3604333
0.6983,0.3445,-0.364,0.5111,2.0,1.3996798225635416,31.262797699864734,1739132356.3815327
0.6996,0.3409,-0.3717,0.5062,2.0,0.18803094292135825,30.840770111810485,1739132356.4017591
0.7099,0.33,-0.3726,0.4984,2.0,-1.623064804263663,31.71789072573705,1739132356.422713
0.725,0.3138,-0.3715,0.4877,2.0,-4.109378156946121,33.22468877121935,1739132356.442397
0.7414,0.2958,-0.371,0.4745,2.0,-7.039948940063539,34.76730847850877,1739132356.4635236
0.7567,0.2772,-0.3717,0.4609,2.0,-10.16546001168058,36.16839165924097,1739132356.4837797
0.7718,0.2587,-0.3735,0.4448,2.0,-13.561515432344379,37.37414651760275,1739132356.5034964
0.7864,0.2391,-0.3777,0.4262,2.0,-17.433324139896712,38.31525834106864,1739132356.5246308
0.7999,0.2195,-0.3843,0.4054,2.0,-21.614786156997496,38.8819899742457,1739132356.5443556
0.8107,0.2018,-0.392,0.3853,2.0,-25.56544379834861,39.09551550522227,1739132356.5613875
0.8181,0.1875,-0.4003,0.368,2.0,-28.907296930811412,38.9490376263775,1739132356.581649
0.8232,0.1772,-0.4084,0.3524,2.0,-31.594401482278897,38.54763966097386,1739132356.6025422
0.8268,0.1694,-0.4169,0.3375,2.0,-33.906127152790305,37.93092550804349,1739132356.6234517
0.8288,0.1636,-0.4261,0.3237,2.0,-35.886902631837245,37.10473397993417,1739132356.6428869
0.8273,0.1597,-0.4368,0.3152,2.0,-37.28506814137518,35.98676072437229,1739132356.6643677
0.8231,0.16,-0.4471,0.3113,2.0,-37.817744189674215,34.719041404881125,1739132356.6844451
0.8185,0.1625,-0.4555,0.3099,2.0,-37.853387485173755,33.576978558635034,1739132356.704478
0.816,0.1641,-0.4604,0.3086,2.0,-37.89144591580117,32.8992506586128,1739132356.724627
0.8158,0.1632,-0.463,0.3058,2.0,-38.259850633530846,32.61566405896244,1739132356.7455866
0.817,0.16,-0.4642,0.3023,2.0,-38.901838835839214,32.606676741572755,1739132356.7656941
0.8203,0.1547,-0.464,0.2964,2.0,-39.91990403616285,32.855000327812974,1739132356.78239
0.8242,0.1493,-0.4606,0.2936,2.0,-40.65808795439693,33.50031109447434,1739132356.8033748
0.8303,0.1421,-0.4548,0.289,2.0,-41.68245322409916,34.50763389319775,1739132356.824293
0.8374,0.134,-0.4476,0.2837,2.0,-42.84287346600843,35.70925211066492,1739132356.844518
0.8447,0.1255,-0.4395,0.2786,2.0,-44.03448786068316,37.02183563361035,1739132356.864379
0.8528,0.1174,-0.4295,0.2729,2.0,-45.19216375218423,38.53931427691509,1739132356.884592
0.8611,0.115,-0.4184,0.265,2.0,-45.750780793031026,39.98591203281606,1739132356.9057841
0.8671,0.1166,-0.413,0.2529,2.0,-46.199305450669726,40.59244155177575,1739132356.92565
0.8671,0.1242,-0.421,0.2357,2.0,-46.58121848410025,39.34495564631334,1739132356.9465683
0.852,0.1351,-0.4527,0.2256,2.0,-46.7772437866829,35.03469070841132,1739132356.9667153
0.8143,0.1418,-0.5104,0.2373,2.0,-46.451535968947155,27.44388731425576,1739132356.9871595
0.762,0.1413,-0.5768,0.2584,2.0,-45.727937163237925,18.555585717887226,1739132357.0562196
0.7259,0.1366,-0.6168,0.272,2.0,-45.19609694403846,13.060556052598741,1739132357.060404
0.7272,0.1223,-0.6114,0.2872,2.0,-45.36217170029846,14.2718493462541,1739132357.0624394
0.7602,0.1088,-0.5671,0.2979,2.0,-45.96575866390714,20.87576820001749,1739132357.0655503
0.8072,0.0991,-0.501,0.296,2.0,-46.89803455413323,29.996637667947198,1739132357.0854864
0.8529,0.0883,-0.4296,0.2832,2.0,-48.241693021979756,39.39207233458947,1739132357.105807
0.8879,0.074,-0.3663,0.2683,2.0,-49.99030656600479,47.530660172880204,1739132357.1267502
0.9104,0.063,-0.3231,0.2507,2.0,-51.795344374116496,52.97943660643867,1739132357.2003095
0.9204,0.0631,-0.3111,0.2283,2.0,-52.82850788514109,54.40263008992173,1739132357.2048159
0.916,0.0806,-0.3367,0.2029,2.0,-52.27293964810265,50.90559113386138,1739132357.2081256
0.8875,0.1107,-0.4001,0.2004,2.0,-50.03502360134303,42.360852808741384,1739132357.2628314
0.8227,0.1364,-0.4963,0.2413,2.0,-46.510984104249985,29.463872942058174,1739132357.2671804
0.7416,0.1477,-0.5916,0.2798,2.0,-43.535808666368155,16.273820960458863,1739132357.2692792
0.7006,0.1445,-0.6356,0.2905,2.0,-42.895688897194646,10.060229787143584,1739132357.2725217
0.7169,0.1152,-0.617,0.3034,2.0,-44.71039280621767,13.663373275755248,1739132357.2869313
0.7689,0.0908,-0.5568,0.3008,2.0,-47.597116833218365,22.732003423289456,1739132357.3067129
0.8272,0.0735,-0.481,0.2811,2.0,-50.76811229720039,33.185499825490666,1739132357.3267126
0.874,0.0582,-0.4082,0.2573,2.0,-53.70645517913276,42.71474473311804,1739132357.3474329
0.9032,0.0481,-0.3535,0.2386,2.0,-55.67851642879684,49.61669298450886,1739132357.3681355
0.9146,0.0481,-0.3312,0.2272,2.0,-56.01094504237075,52.311293091624236,1739132357.3883321
0.908,0.0596,-0.3501,0.2222,2.0,-54.81285826523161,49.81569087761059,1739132357.409465
0.8829,0.0836,-0.406,0.2206,2.0,-52.56109208442943,42.440755236041696,1739132357.4254327
0.832,0.1105,-0.4878,0.24,2.0,-49.37046545635366,31.397916500933775,1739132357.4983416
0.7604,0.1237,-0.5742,0.277,2.0,-46.05172209573573,19.477747846251276,1739132357.5037794
0.7119,0.1224,-0.6264,0.293,1.0,-44.79769022839838,12.096209841600114,1739132357.5068886
0.7167,0.0978,-0.6208,0.3023,1.0,-46.402465653842285,13.546004961973807,1739132357.5105515
0.7697,0.0736,-0.5587,0.2999,1.0,-49.43281936869238,22.8194020018027,1739132357.5283318
0.8298,0.056,-0.4774,0.2836,1.0,-52.66574590363051,33.95918327431471,1739132357.5483007
0.8748,0.0402,-0.4028,0.2662,1.0,-55.60069446087691,43.66134259962058,1739132357.5685265
0.9003,0.032,-0.3528,0.253,1.0,-57.3459239172996,49.92326006694515,1739132357.5890026
0.907,0.0354,-0.3397,0.2462,1.0,-57.088953214093905,51.47868249430468,1739132357.609179
0.8983,0.0521,-0.3643,0.2402,1.0,-55.1157029201017,48.23209354530937,1739132357.629487
0.873,0.0812,-0.419,0.2358,1.0,-52.1421790721425,40.891923190349644,1739132357.65028
0.826,0.1175,-0.4949,0.243,1.0,-48.47565990134143,30.26887958194129,1739132357.7188525
0.7518,0.1436,-0.5814,0.2759,1.0,-44.19868788997121,17.84082030080384,1739132357.722017
0.6878,0.1577,-0.6445,0.2945,1.0,-41.296125105779595,8.281690122549264,1739132357.7251685
0.6739,0.1452,-0.6564,0.3065,1.0,-41.29482014107322,6.933873550645501,1739132357.729606
0.7111,0.1208,-0.6157,0.3174,1.0,-43.07089722034084,13.695059933168949,1739132357.749226
0.7723,0.103,-0.5428,0.3134,1.0,-45.39305252826375,24.344582102551612,1739132357.7703526
0.8309,0.0869,-0.4617,0.2982,2.0,-47.82311513930938,35.37454051286187,1739132357.7906873
0.8719,0.0689,-0.392,0.2852,2.0,-50.14313119326374,44.511819099732094,1739132357.8103018
0.896,0.0574,-0.3448,0.2739,2.0,-51.77541285699982,50.499386307121995,1739132357.883209
0.9044,0.0566,-0.3297,0.2651,2.0,-52.14679495602438,52.32967217385351,1739132357.8875225
0.8992,0.0679,-0.35,0.2535,2.0,-51.501865236779224,49.645841203706595,1739132357.890122
0.8793,0.0904,-0.4002,0.2418,2.0,-50.12038056407863,42.97399713495048,1739132357.8932278
0.8386,0.1214,-0.4733,0.241,2.0,-47.805082635641156,32.91729597120522,1739132357.9606178
0.7705,0.1472,-0.5613,0.2638,2.0,-44.630187253482745,20.478312445898354,1739132357.9636598
0.699,0.1555,-0.6368,0.2857,2.0,-42.271284781342445,9.50244977226805,1739132357.9658105
0.6736,0.1445,-0.6624,0.2946,2.0,-42.29662515471563,6.046259209512783,1739132357.9706993
0.7043,0.1172,-0.6292,0.3069,2.0,-44.128211160885826,11.832982660932572,1739132357.9907405
0.7654,0.0988,-0.5579,0.3053,2.0,-46.436494737689486,22.39357196835553,1739132358.0115333
0.8265,0.084,-0.4746,0.2908,2.0,-48.80385190798523,33.79010951700877,1739132358.0316558
0.8717,0.0677,-0.3988,0.2765,2.0,-50.991453735562516,43.6994539544709,1739132358.104036
0.8992,0.0579,-0.345,0.2626,2.0,-52.41820570353438,50.467150435615025,1739132358.109409
0.9096,0.0594,-0.3268,0.2497,2.0,-52.57268553865596,52.61872500295408,1739132358.1115127
0.9031,0.0739,-0.35,0.2377,2.0,-51.55638640217052,49.49776537631459,1739132358.113461
0.8785,0.1016,-0.4073,0.2278,2.0,-49.68153232848579,41.77941217361783,1739132358.1296766
0.8279,0.1337,-0.4912,0.2356,2.0,-47.11338440738024,30.213478821715512,1739132358.201658
0.7476,0.1508,-0.5885,0.2686,2.0,-44.08993192991085,16.597369058588725,1739132358.2049603
0.6829,0.156,-0.6548,0.2836,2.0,-42.272030593857664,6.801637326283753,1739132358.2071013
0.6844,0.1348,-0.6524,0.2963,2.0,-43.141235192283034,7.872773294307876,1739132358.2119234
0.7373,0.1061,-0.5924,0.3069,2.0,-45.47135489676981,17.417131247884612,1739132358.232481
0.8055,0.0856,-0.5054,0.2972,2.0,-48.35970991110315,29.746022537944214,1739132358.2528389
0.8641,0.068,-0.4173,0.2731,2.0,-51.430581164589285,41.39491988228406,1739132358.32567
0.905,0.0525,-0.343,0.246,2.0,-54.31580909316641,50.81234831936101,1739132358.329347
0.9282,0.0457,-0.2954,0.2215,2.0,-56.00897136927516,56.63438117942718,1739132358.333607
0.9347,0.0515,-0.2866,0.204,2.0,-55.72614926613075,57.55917809502927,1739132358.3368363
0.9252,0.0723,-0.3205,0.1898,2.0,-53.91955394932798,53.05717685938728,1739132358.3514414
0.8945,0.1055,-0.3917,0.1878,2.0,-51.293650617165554,43.55455075478886,1739132358.4245994
0.8303,0.1411,-0.4948,0.2142,2.0,-47.84289127166039,29.486969901901432,1739132358.428401
0.7411,0.1699,-0.5984,0.2524,2.0,-43.56687111134721,14.48762281184986,1739132358.4316182
0.6874,0.1871,-0.6479,0.2696,2.0,-40.702077605899774,6.607588320903602,1739132358.4337833
0.7014,0.1754,-0.6279,0.2883,2.0,-40.27316714556946,10.04212353156268,1739132358.4537215
0.7571,0.1566,-0.5611,0.2956,2.0,-41.30327173257672,20.160264951858096,1739132358.473676
0.8195,0.1425,-0.4779,0.2823,2.0,-42.61370328571019,31.59208417232975,1739132358.494688
0.8675,0.1301,-0.4016,0.2632,2.0,-43.397151183376536,41.477520702389285,1739132358.5115469
0.8916,0.123,-0.3521,0.2568,2.0,-42.901415682741856,47.62140959804313,1739132358.5318382
0.8926,0.1281,-0.34,0.2667,2.0,-40.94466681952076,48.81092546896201,1739132358.5517724
0.8758,0.1398,-0.3571,0.2933,2.0,-38.32985210188298,46.31671638530824,1739132358.5736232
0.8529,0.1535,-0.3843,0.3183,2.0,-35.98635949814724,42.52832808932291,1739132358.5946007
0.8312,0.166,-0.4089,0.338,2.0,-34.000711964099935,39.04544324915133,1739132358.6135972
0.814,0.1799,-0.4233,0.3549,2.0,-31.64275683891225,36.65026025539487,1739132358.633797
0.7973,0.1967,-0.4283,0.3771,2.0,-28.244813498319047,35.179739668826244,1739132358.6547766
0.7809,0.2168,-0.4283,0.3995,2.0,-24.283181432983213,34.04457925773943,1739132358.6744983
0.7649,0.237,-0.4265,0.4205,2.0,-20.365042296738665,33.010660005207285,1739132358.6955316
0.7485,0.2554,-0.4235,0.4418,2.0,-16.58091521541752,32.13794717280189,1739132358.7155402
0.7343,0.2744,-0.4178,0.4594,2.0,-12.897749356207157,31.436638540988668,1739132358.7326221
0.7197,0.291,-0.4116,0.4775,2.0,-9.401612129723276,30.877079205807036,1739132358.752959
0.7056,0.303,-0.4055,0.4958,2.0,-6.362551219658457,30.597668428489158,1739132358.7736223
0.695,0.315,-0.3979,0.5093,2.0,-3.623634917163997,30.425323278588962,1739132358.7935596
0.6806,0.3259,-0.3924,0.526,2.0,-0.8157233603271266,30.0781397403872,1739132358.814829
0.6636,0.3378,-0.3867,0.5441,2.0,2.26282839413426,29.628043705317054,1739132358.8348427
0.6451,0.3505,-0.3801,0.5625,2.0,5.542079150193246,29.153225726375723,1739132358.8546674
0.6345,0.3685,-0.3707,0.5695,2.0,8.51433920183598,28.390105289984547,1739132358.8757842
0.6251,0.3883,-0.3632,0.5715,2.0,11.123264219536281,27.178823245112028,1739132358.8954735
0.6128,0.4075,-0.359,0.5741,2.0,13.528093346943251,25.63061526844413,1739132358.9156225
0.5994,0.4237,-0.3543,0.5793,2.0,15.895588805883932,24.36813862189757,1739132358.9368587
0.5868,0.4337,-0.3488,0.5881,2.0,18.030747168093427,23.78314571735865,1739132358.9571455
0.5818,0.4357,-0.3411,0.5961,2.0,19.414008624746316,24.22580834059903,1739132358.9739966
0.5804,0.432,-0.3344,0.6039,3.0,20.169315382640264,25.191032486991105,1739132358.993984
0.5817,0.4235,-0.3287,0.6117,3.0,20.398218855038465,26.583331598165785,1739132359.0146048
0.588,0.4087,-0.3234,0.6185,3.0,19.868989311497046,28.59794605113339,1739132359.0355525
0.601,0.3889,-0.3171,0.6221,3.0,18.57039745444328,31.181290799331208,1739132359.0558822
0.6157,0.3664,-0.3103,0.6248,3.0,16.93448862556096,34.02956523489121,1739132359.075872
0.6292,0.3443,-0.3023,0.6279,3.0,15.432256681511234,36.87803707528363,1739132359.0965812
0.6382,0.3245,-0.2944,0.633,3.0,14.325066182478196,39.448124041991946,1739132359.1175134
0.6464,0.3139,-0.288,0.6331,3.0,13.64346302483358,40.98839067202053,1739132359.1367507
0.6575,0.3224,-0.2838,0.619,3.0,13.690931805518801,40.545793353746575,1739132359.1568804
0.6541,0.3537,-0.2918,0.6016,3.0,14.85857742885949,36.83358970614799,1739132359.1745582
0.6156,0.3998,-0.3221,0.5978,3.0,17.07787705744201,29.637742940112418,1739132359.1955261
0.5434,0.4432,-0.3729,0.6076,3.0,19.890969992007655,20.629901513531593,1739132359.2682455
0.4792,0.4492,-0.4194,0.6265,3.0,21.32820450239288,15.581654219286179,1739132359.2727337
0.5018,0.4244,-0.4073,0.6342,3.0,19.600715426711247,19.35610951977401,1739132359.2758586
0.5461,0.3787,-0.3743,0.6467,3.0,16.930745914847137,27.07560135611098,1739132359.2769547
0.5936,0.3348,-0.3339,0.6512,3.0,14.501515523715568,34.98067367677885,1739132359.2967248
0.6259,0.2991,-0.2968,0.6564,3.0,13.358761842309917,41.57391104862293,1739132359.3181267
0.6564,0.2767,-0.2626,0.6508,3.0,13.027278138644732,46.57006473674531,1739132359.3382795
0.6735,0.2685,-0.2471,0.6428,3.0,12.815707886769303,48.61696590272524,1739132359.3584535
0.6741,0.2823,-0.2569,0.6324,3.0,12.643993083988676,46.54075683296966,1739132359.3793604
0.6517,0.3206,-0.2952,0.6207,3.0,12.741377525176688,39.74699329108773,1739132359.3953798
0.5876,0.3714,-0.3648,0.6194,3.0,13.79789642385498,28.675466213274035,1739132359.4692829
0.5015,0.4102,-0.4438,0.6191,3.0,15.51288147707649,17.0563643584548,1739132359.4737437
0.4903,0.4031,-0.4684,0.6146,3.0,13.908728083904009,15.082285528320796,1739132359.4768195
0.528,0.3627,-0.4434,0.6269,3.0,10.952735573299861,21.521344492171806,1739132359.4794407
0.5867,0.3167,-0.3905,0.6348,3.0,8.072540886836748,31.050688206996654,1739132359.4975696
0.6421,0.2714,-0.3284,0.6373,3.0,6.131502504739274,40.98738236599564,1739132359.5193205
0.6736,0.2338,-0.2786,0.6434,3.0,5.464698215248518,48.763340136720615,1739132359.5909922
0.6797,0.2092,-0.2495,0.6572,3.0,5.789934465567228,53.41617537132157,1739132359.594261
0.6793,0.2006,-0.2358,0.6653,3.0,6.567038617365711,55.351698179420566,1739132359.5974936
0.6848,0.2091,-0.239,0.6559,3.0,6.722732165486946,54.387937828133516,1739132359.5996835
0.6863,0.2353,-0.2617,0.6364,3.0,6.573944103683402,50.21035038689081,1739132359.6168187
0.6701,0.2837,-0.3029,0.6154,3.0,7.4638406338044945,42.378923775383385,1739132359.6380954
0.6096,0.3472,-0.3697,0.6093,3.0,9.963325397257165,30.46569195914074,1739132359.7095723
0.5185,0.4018,-0.4488,0.6069,3.0,13.103756535061052,17.336829444810235,1739132359.713825
0.4975,0.4033,-0.4755,0.6031,3.0,12.558963062424823,14.274596016644978,1739132359.7168732
0.5276,0.3658,-0.4471,0.6228,3.0,10.794447378973928,20.84504724906739,1739132359.7194633
0.5821,0.3239,-0.3862,0.6381,3.0,9.388811350091686,30.88148007858433,1739132359.7395468
0.6297,0.2819,-0.317,0.6508,3.0,9.364980958980027,41.21664376482195,1739132359.7603776
0.6564,0.2471,-0.264,0.662,3.0,10.124590619714837,49.024038634503825,1739132359.833023
0.6617,0.2226,-0.2365,0.6757,3.0,10.640633877585941,53.51555857040864,1739132359.837498
0.6699,0.2161,-0.2278,0.6727,3.0,10.384751383638843,54.820308512361635,1739132359.8411286
0.6786,0.2295,-0.2423,0.6543,3.0,9.176572000743619,52.42755234006779,1739132359.843286
0.677,0.2651,-0.2775,0.6281,3.0,8.320147042570966,46.281034665834056,1739132359.8592737
0.6439,0.3208,-0.3345,0.6087,3.0,8.967718983451334,36.1976743155964,1739132359.9317966
0.5615,0.3757,-0.417,0.608,3.0,11.06954946218815,23.129636698655162,1739132359.9358778
0.508,0.4108,-0.4688,0.5945,3.0,12.488629130162678,14.300200390935487,1739132359.939479
0.519,0.3909,-0.4592,0.6057,3.0,11.589651428452441,17.242772887514377,1739132359.9416683
0.5574,0.3483,-0.4081,0.6335,3.0,10.911045720924477,26.525897627126625,1739132359.9612923
0.6078,0.3022,-0.3334,0.6543,3.0,11.074837594255229,37.933944736431755,1739132360.0333247
0.6586,0.2639,-0.2604,0.6548,3.0,11.991778031305955,47.896149149693,1739132360.0366378
0.6811,0.2328,-0.2211,0.658,3.0,12.26335960565865,53.96520536567269,1739132360.0392933
0.6861,0.2177,-0.2107,0.6614,3.0,11.661067049618737,56.14756900208056,1739132360.042481
0.6889,0.2205,-0.2197,0.6546,3.0,10.416736821682264,55.14766198010352,1739132360.0594718
0.6891,0.2437,-0.2447,0.6371,3.0,9.412355361541017,51.01178631424648,1739132360.0804558
0.6766,0.2906,-0.2839,0.6141,3.0,9.670956495207662,43.47919357438701,1739132360.1004093
0.6255,0.351,-0.3455,0.6052,3.0,11.282516872725893,32.40513784586068,1739132360.1716557
0.5412,0.404,-0.4227,0.6044,3.0,13.636929615803865,19.85185898787404,1739132360.1759984
0.5103,0.4132,-0.4567,0.6002,3.0,13.540598516213265,15.387275112031432,1739132360.1795769
0.5358,0.3765,-0.4336,0.619,3.0,11.864115410408658,21.32460606094449,1739132360.1818023
0.5866,0.3279,-0.3771,0.6373,3.0,10.155149772256806,31.455803864408097,1739132360.2031887
0.6417,0.279,-0.3063,0.6454,3.0,9.26928212093702,42.46606984094103,1739132360.2750452
0.6859,0.2384,-0.2463,0.6419,3.0,8.943360667658283,51.32610587918117,1739132360.2798185
0.7046,0.2077,-0.2164,0.6431,3.0,7.987087222054981,56.50973239544783,1739132360.2819421
0.7146,0.1933,-0.2095,0.6388,3.0,6.266344202516962,58.29504191010497,1739132360.2839692
0.726,0.1985,-0.2191,0.6209,3.0,4.489181779460466,57.02602839157021,1739132360.3007424
0.7256,0.2294,-0.2455,0.6004,3.0,4.439545035975584,52.15427438585792,1739132360.3216927
0.6949,0.2923,-0.2901,0.5895,3.0,7.300229602248692,42.78012157907301,1739132360.3934262
0.6072,0.3632,-0.361,0.6075,3.0,11.963277842978783,29.812788663265337,1739132360.3982515
0.5412,0.4047,-0.4077,0.6141,3.0,15.174098887936395,21.295150145331036,1739132360.4025645
0.5502,0.3867,-0.3862,0.6314,3.0,15.7433452149466,25.159985441189434,1739132360.4046657
0.5826,0.3553,-0.3359,0.6493,3.0,16.48197549802768,32.874858000656616,1739132360.4235497
0.6147,0.3273,-0.2778,0.6617,3.0,18.560531308783595,40.57243019306301,1739132360.4444435
0.6234,0.3121,-0.2339,0.6777,3.0,22.315532205024795,45.50684876157865,1739132360.4639375
0.6135,0.3151,-0.2106,0.6929,3.0,26.49594693658827,46.873055281279335,1739132360.4812212
0.5901,0.3297,-0.2072,0.7072,3.0,29.78555163094154,45.58436659256199,1739132360.5015213
0.567,0.3469,-0.2136,0.7159,3.0,31.77325036620735,43.337606223370784,1739132360.5223913
0.5472,0.3627,-0.2224,0.7208,3.0,33.055137279189466,41.05970014492564,1739132360.542343
0.5339,0.3772,-0.2295,0.7211,3.0,33.94134238748646,39.01567266420972,1739132360.562435
0.5221,0.3918,-0.2343,0.7205,3.0,34.966834345917846,37.09216211358563,1739132360.5835228
0.5042,0.409,-0.2368,0.7228,3.0,36.807105801658565,35.01145081135542,1739132360.6035998
0.4818,0.4296,-0.2346,0.7269,3.0,39.59958511155196,32.80369945292276,1739132360.6246634
0.4559,0.4506,-0.2281,0.7328,3.0,43.03874488554018,30.751537442121958,1739132360.6447525
0.4337,0.4651,-0.2148,0.7412,3.0,46.65259416542776,29.78476216964873,1739132360.6647725
0.4225,0.4647,-0.1937,0.7537,3.0,49.873739749850415,30.960558819248718,1739132360.6855838
0.4202,0.4525,-0.1694,0.7681,3.0,52.56945958440778,33.63351069925906,1739132360.7027602
0.4196,0.4344,-0.1461,0.7835,3.0,55.01486279087652,36.86265321737079,1739132360.7225559
0.418,0.4152,-0.1265,0.798,3.0,57.18456313193954,39.97121646573635,1739132360.742853
0.4156,0.3973,-0.1131,0.8103,3.0,58.73180134212896,42.62206267123253,1739132360.7649508
0.4171,0.3818,-0.1037,0.8182,3.0,59.5681850684083,44.808725385324465,1739132360.7838085
0.429,0.3716,-0.0964,0.8177,3.0,59.54865282474492,46.26679542407368,1739132360.8051734
0.4388,0.3719,-0.0983,0.8121,3.0,58.58576955906142,46.17152532367518,1739132360.8244367
0.4407,0.3896,-0.1114,0.801,3.0,56.99899263571319,43.60938377713771,1739132360.8457458
0.4313,0.4343,-0.1379,0.7787,3.0,55.17842705303295,37.2024492398063,1739132360.8655038
0.3918,0.501,-0.1872,0.7487,3.0,53.663354885235606,26.752091749221762,1739132360.9339476
0.3455,0.5529,-0.24,0.7192,3.0,52.651227623613465,17.286540620298695,1739132360.937295
0.3497,0.5507,-0.2445,0.7175,3.0,51.85079920726284,17.313326848987714,1739132360.9396014
0.362,0.5098,-0.2213,0.7484,3.0,52.49681610016927,23.892222924813154,1739132360.9437354
0.3844,0.4565,-0.1792,0.7821,3.0,54.16849255726521,32.68408617498375,1739132360.9645596
0.4043,0.4055,-0.1325,0.8091,3.0,57.12901550833999,40.913373017112946,1739132360.984462
0.4111,0.366,-0.0959,0.8293,3.0,60.72389955534288,46.956749334345716,1739132361.0568051
0.4015,0.3399,-0.0763,0.847,3.0,63.761004231788434,50.64534778760523,1739132361.062827
0.4005,0.3318,-0.0737,0.851,3.0,64.0490054263924,51.67677232526438,1739132361.0669775
0.4102,0.3484,-0.0939,0.8376,3.0,60.598754967762005,49.11546131040487,1739132361.07079
0.4182,0.3903,-0.1316,0.8096,3.0,55.82349622500226,42.77162894631135,1739132361.087399
0.4075,0.4564,-0.1811,0.77,3.0,52.24311938680063,32.602815608671335,1739132361.159971
0.3657,0.5347,-0.2411,0.7227,3.0,50.663842181469875,19.593627812796882,1739132361.164482
0.3311,0.5755,-0.2808,0.6931,2.0,50.23201613315382,11.782202258472779,1739132361.167611
0.3378,0.5507,-0.2752,0.712,2.0,49.8410585033713,15.422012044077093,1739132361.170161
0.3572,0.496,-0.2414,0.7537,2.0,50.465572465876505,24.462383604561353,1739132361.1858757
0.3831,0.435,-0.1902,0.7924,2.0,52.355855107082675,34.72959631347723,1739132361.2061305
0.4001,0.3801,-0.1404,0.822,2.0,55.54800455328734,43.61200455036402,1739132361.226881
0.406,0.3398,-0.1051,0.8418,2.0,58.840250364750204,49.748560685906426,1739132361.2993886
0.4031,0.3151,-0.0881,0.8547,2.0,60.904558616272595,53.22194961544085,1739132361.3040643
0.4111,0.3059,-0.0854,0.8544,2.0,60.48177444833101,54.38531917191145,1739132361.308505
0.4262,0.3141,-0.1001,0.8424,2.0,57.26213552684436,52.92241244587629,1739132361.3101425
0.441,0.3437,-0.1297,0.8189,2.0,52.796696258467506,48.31266932583486,1739132361.3283303
0.4468,0.3995,-0.1704,0.782,2.0,48.9334920805417,39.93784965854215,1739132361.3975224
0.4205,0.4775,-0.2247,0.738,2.0,46.90076326465936,27.71522475436251,1739132361.4027495
0.3696,0.5453,-0.2787,0.6988,2.0,46.8290697518008,15.893685808840473,1739132361.405934
0.3553,0.5458,-0.2925,0.7003,2.0,46.68660316028672,14.89669736342114,1739132361.408433
0.3698,0.4988,-0.2616,0.739,2.0,47.51626246442052,22.857209129012176,1739132361.4290304
0.3968,0.4328,-0.205,0.7831,2.0,49.5585140346634,34.19149226829745,1739132361.44901
0.4182,0.367,-0.1431,0.8185,2.0,53.409291691791,45.02242096523139,1739132361.5189266
0.4287,0.3166,-0.0945,0.8409,2.0,58.14257233043884,52.83129392689929,1739132361.5232105
0.4211,0.2881,-0.0736,0.8569,2.0,61.273864721027024,56.82104416273555,1739132361.5263007
0.4252,0.2816,-0.0724,0.8571,2.0,60.9708631804821,57.612619808682695,1739132361.5291567
0.4385,0.2972,-0.0894,0.8434,2.0,57.56259451299425,55.25855629232484,1739132361.5503795
0.4455,0.3371,-0.1212,0.8205,2.0,53.499411027133306,49.43584396863716,1739132361.5704985
0.4435,0.4032,-0.1608,0.7841,2.0,50.53926606601095,39.96611156417569,1739132361.6400008
0.4197,0.4929,-0.2102,0.7326,2.0,48.87096377851077,26.615861262441115,1739132361.6451452
0.3615,0.5704,-0.2704,0.6862,2.0,48.63072295222452,13.134133744929471,1739132361.6474128
0.3489,0.5723,-0.287,0.6844,2.0,48.12996987880916,11.800261367394882,1739132361.649921
0.3604,0.5242,-0.2589,0.7269,2.0,49.11811301843605,19.86111123653194,1739132361.6692898
0.3865,0.4594,-0.2021,0.7737,2.0,51.485027669096155,31.17041956353833,1739132361.7406747
0.4055,0.3959,-0.1418,0.8116,2.0,55.52090262923062,41.683328385060975,1739132361.7440014
0.419,0.3458,-0.0949,0.8342,2.0,59.75950880447968,49.39140514304847,1739132361.7472894
0.424,0.3108,-0.0739,0.8475,2.0,61.82145140064654,54.15616013105492,1739132361.7510202
0.4243,0.2876,-0.0723,0.8556,2.0,61.2866123435854,56.91751105552228,1739132361.7747958
0.444,0.2745,-0.0786,0.8493,2.0,58.196776213274745,58.23780946019298,1739132361.7948658
0.4734,0.2769,-0.0923,0.8311,2.0,53.67400162117485,57.47741128136377,1739132361.816809
0.4935,0.3328,-0.1292,0.7932,2.0,48.669445486044594,49.58407441424964,1739132361.8370326
0.4811,0.4238,-0.1666,0.7491,2.0,47.60469693218715,37.24169001688688,1739132361.9102728
0.4008,0.5285,-0.2349,0.7105,2.0,48.38380769109605,20.750142049064294,1739132361.9144459
0.3743,0.5395,-0.257,0.709,1.0,48.47271557970484,18.025587035612773,1739132361.9175029
0.3923,0.4951,-0.2342,0.739,1.0,48.497540106945564,25.000249233864025,1739132361.919034
0.4252,0.4387,-0.1854,0.7697,1.0,49.94828594239516,34.53376642128069,1739132361.9393106
0.4457,0.3995,-0.1425,0.7883,1.0,52.66041280347105,41.224933395173906,1739132361.9604318
0.4543,0.3844,-0.1218,0.7944,1.0,54.42958440859843,43.85652784793834,1739132361.9808536
0.455,0.3851,-0.1225,0.7935,1.0,54.298902160234604,43.7478463120714,1739132362.000606
0.4576,0.3879,-0.1342,0.7888,1.0,52.57226955440544,42.9500694583773,1739132362.0215771
0.4656,0.387,-0.1461,0.7823,1.0,50.332821153911084,42.550695694659794,1739132362.041541
0.4747,0.3814,-0.1536,0.7782,1.0,48.45602180830946,42.862359078150774,1739132362.0623572
0.4844,0.3708,-0.1549,0.7771,1.0,47.16549354828186,44.03017332186113,1739132362.0869727
0.4964,0.3571,-0.1519,0.7766,1.0,46.14500492991081,45.74851929846011,1739132362.1075647
0.5148,0.3353,-0.1443,0.7757,1.0,44.919336103983,48.59990494513522,1739132362.1283739
0.5248,0.3209,-0.1401,0.7759,1.0,44.116261808739466,50.4250830557242,1739132362.148566
0.535,0.3058,-0.1353,0.7759,1.0,43.32115640417476,52.346198031455856,1739132362.169254
0.5425,0.2896,-0.1297,0.7778,1.0,42.75441091331379,54.41763048584116,1739132362.1895921
0.5525,0.2704,-0.1204,0.7792,1.0,42.434325000778585,56.98409755245575,1739132362.210166
0.5633,0.247,-0.107,0.7812,1.0,42.55864191433352,60.18717637951963,1739132362.2299514
0.5749,0.2187,-0.0885,0.7835,1.0,43.47398358268069,64.12549615896918,1739132362.2503445
0.5881,0.1867,-0.0656,0.7842,1.0,45.547780638517054,68.5916375168394,1739132362.271442
0.6044,0.1548,-0.0422,0.7803,1.0,48.76578996290317,72.95355170445711,1739132362.2915485
0.6158,0.127,-0.0248,0.7772,1.0,52.334760479988404,76.54903097886125,1739132362.3123102
0.6264,0.1042,-0.0135,0.7724,1.0,55.35171671947418,79.35607444016966,1739132362.3365571
0.6381,0.0848,-0.0049,0.7653,1.0,58.646994926421115,81.67302857454058,1739132362.3526337
0.6477,0.0706,0.001,0.7586,1.0,62.09555381403078,83.32107375487567,1739132362.3770754
0.6526,0.0674,-0.0038,0.7547,2.0,57.69771724836289,83.67699939197735,1739132362.3967776
0.6518,0.0866,-0.0309,0.7528,2.0,41.250880658951445,80.86732931805437,1739132362.4184678
0.6258,0.1682,-0.111,0.7535,2.0,28.642656251030047,68.1664065784509,1739132362.4918377
0.5878,0.2363,-0.162,0.7565,2.0,29.494555086061382,58.123417558580115,1739132362.497005
0.5732,0.2666,-0.1684,0.7563,2.0,32.337694742089695,54.65727282300293,1739132362.4995399
0.5826,0.2335,-0.134,0.7669,2.0,34.70132444726505,60.18272457058245,1739132362.5026302
0.6014,0.1712,-0.0755,0.7767,2.0,40.22669565144298,69.85094084178053,1739132362.5249076
0.628,0.1062,-0.0125,0.7708,2.0,55.891095055867225,79.14187279781117,1739132362.5416229
0.6408,0.0593,0.0244,0.765,2.0,84.18950152239978,84.06574512305008,1739132362.614353
0.6446,0.0397,0.0365,0.7626,2.0,104.16365664512324,85.23594753295822,1739132362.6181784
0.6464,0.0435,0.0283,0.7612,2.0,94.48464981665137,85.46937324389933,1739132362.6205928
0.6464,0.0695,0.0004,0.7598,2.0,61.715347635945335,83.44817472328396,1739132362.6268933
0.6422,0.1174,-0.0413,0.7563,2.0,42.05805747974483,77.12109814003122,1739132362.648219
0.6176,0.1841,-0.0944,0.7588,2.0,35.48519946450358,67.53804119378049,1739132362.7196362
0.5658,0.2733,-0.1669,0.7598,2.0,33.689381587571546,54.0651774865199,1739132362.7228386
0.571,0.2556,-0.163,0.7629,2.0,32.43541793659506,56.12543066050253,1739132362.7259908
0.5927,0.1995,-0.1253,0.7702,2.0,32.06363310444743,64.16643463824954,1739132362.7296205
0.6207,0.1337,-0.0677,0.7697,2.0,36.03602362018955,74.17931381760098,1739132362.7539158
0.6411,0.0765,-0.0099,0.7636,2.0,54.3853036073952,82.57034553802572,1739132362.7747302
0.6543,0.0366,0.0268,0.7549,2.0,97.07147438722438,86.21858171050553,1739132362.795597
0.6697,0.017,0.04,0.7413,2.0,126.6545147987818,86.436882236266,1739132362.8158681
0.6839,0.0198,0.0314,0.7286,2.0,116.35321677668014,87.16400118046238,1739132362.8354201
0.6876,0.0496,0.0034,0.7244,2.0,62.18939470073383,85.71919727609463,1739132362.852625
0.6777,0.1091,-0.0419,0.726,2.0,37.73643676485071,77.99570465350615,1739132362.876523
0.625,0.1903,-0.1072,0.7495,2.0,32.55723101330665,66.18561300414649,1739132362.946322
0.5891,0.2441,-0.1534,0.7549,2.0,31.66119935048124,57.90595965638829,1739132362.9509022
0.5957,0.2241,-0.1364,0.7592,2.0,32.328791414766584,60.9990591172558,1739132362.9530053
0.6149,0.1656,-0.0847,0.7664,2.0,35.94567737882926,69.97865960556345,1739132362.962662
0.6553,0.0694,0.002,0.7521,2.0,62.36035866247579,83.45674685139716,1739132363.0315785
0.6743,0.0261,0.0307,0.7374,2.0,108.96441556494938,86.79980447353051,1739132363.0356505
0.6847,0.0101,0.0391,0.7277,2.0,134.0352942122966,86.78984634796723,1739132363.0382528
0.6914,0.0242,0.0262,0.7216,2.0,105.27191669095532,87.33074358981025,1739132363.0448854
0.6872,0.0702,-0.0095,0.723,2.0,50.52241480991273,83.29426272657173,1739132363.065932
0.6677,0.1423,-0.0656,0.7277,2.0,34.48758222448686,73.38937013700354,1739132363.1387239
0.611,0.23,-0.1443,0.7436,2.0,30.262066114087304,59.909564089216076,1739132363.144004
0.5844,0.2824,-0.198,0.7346,2.0,28.236025871319924,51.06586700420314,1739132363.1474144
0.5875,0.2546,-0.1859,0.7453,2.0,27.39169831601498,54.66724158726123,1739132363.1500056
0.612,0.1946,-0.1282,0.7557,2.0,29.396574164636718,64.46811946147537,1739132363.2196531
0.6456,0.1291,-0.0526,0.7509,2.0,38.91941897792876,75.39127718508766,1739132363.2240698
0.6628,0.0732,0.0035,0.7452,2.0,62.861825198930944,83.01347629117384,1739132363.2283466
0.6713,0.0283,0.0342,0.7398,2.0,109.94698011861249,86.33042640673301,1739132363.2334208
0.6824,0.0253,0.0262,0.73,2.0,104.70647943186674,87.24437467474888,1739132363.2543523
0.6917,0.0486,-0.0023,0.7206,2.0,55.237849784210766,85.8408767840163,1739132363.274841
0.6923,0.0997,-0.0473,0.7131,2.0,32.24224057766486,78.74776376593985,1739132363.294919
0.6688,0.1784,-0.1073,0.7137,2.0,27.610120359426958,67.3869767446854,1739132363.3670185
0.6021,0.2681,-0.1797,0.7303,2.0,28.438151243063345,53.75915626962217,1739132363.3729541
0.5781,0.32,-0.2128,0.7198,2.0,29.381834033753506,46.218608439024536,1739132363.3760293
0.5852,0.288,-0.1899,0.7338,2.0,29.80311477206692,51.059617439268834,1739132363.3785498
0.611,0.2194,-0.1323,0.7491,2.0,31.48250267046214,61.72753009410383,1739132363.3968966
0.6424,0.1467,-0.0587,0.7499,2.0,39.381998550090174,73.23613082278752,1739132363.4689152
0.6581,0.0922,-0.0096,0.7471,2.0,54.45482615587878,80.78175675123077,1739132363.4731832
0.6605,0.0687,0.0071,0.7477,2.0,66.2189263369601,83.49767283235451,1739132363.4752145
0.6701,0.0739,-0.0062,0.7386,2.0,54.76324475585707,82.91254137018188,1739132363.4841037
0.6732,0.1096,-0.0405,0.7302,2.0,38.8203402313128,77.99846863176037,1739132363.5038464
0.6685,0.175,-0.092,0.717,2.0,31.048370344244432,68.61185326399152,1739132363.5764108
0.6139,0.2678,-0.1681,0.7233,2.0,29.335391047765597,54.553506397996614,1739132363.5809913
0.5747,0.3348,-0.2264,0.7115,2.0,28.77869165762246,43.743650237194174,1739132363.5831206
0.5817,0.3094,-0.2165,0.7204,2.0,27.87322899275418,47.04620354572904,1739132363.589451
0.6083,0.2418,-0.1625,0.7383,2.0,28.386488103999113,57.54357875245017,1739132363.610761
0.6471,0.1662,-0.0873,0.7389,2.0,32.85282038700092,69.77809572131264,1739132363.6825745
0.6804,0.0983,-0.0226,0.7258,2.0,45.67647634263787,79.8413243985924,1739132363.688315
0.6999,0.0508,0.011,0.7124,2.0,69.50011402529518,85.4596162726931,1739132363.6925514
0.7171,0.0338,0.0185,0.6959,2.0,84.60902908719925,87.0022006123288,1739132363.6946065
0.7313,0.0601,-0.0032,0.6794,2.0,51.6202846825297,84.51778524937498,1739132363.7170477
0.7002,0.1826,-0.0869,0.6847,2.0,30.68389115595383,68.08477572454882,1739132363.7850933
0.6099,0.288,-0.1766,0.7169,2.0,29.869327591988906,51.92792588932494,1739132363.7886274
0.581,0.3559,-0.2264,0.696,2.0,29.45913658746167,41.52288266207154,1739132363.7918093
0.5833,0.3356,-0.2255,0.7045,2.0,28.253198537238802,43.72055836359098,1739132363.7996364
0.6094,0.2889,-0.1971,0.7116,2.0,26.895495286381788,50.476105222627666,1739132363.818597
0.6368,0.2402,-0.1606,0.7148,2.0,26.31085019478286,57.83008328674421,1739132363.8394175
0.6754,0.209,-0.1273,0.6957,2.0,26.278096686418195,63.08785872222967,1739132363.8595738
0.6932,0.2025,-0.12,0.6812,2.0,25.62416323022012,64.19043106037469,1739132363.8804607
0.6836,0.2206,-0.1368,0.6821,2.0,24.907976964604813,61.32981998113962,1739132363.9014487
0.6582,0.2505,-0.1683,0.6896,2.0,24.21423605269635,56.29102052762747,1739132363.9216192
0.6345,0.2834,-0.2026,0.6899,2.0,23.609753175260266,50.64464761096053,1739132363.9456053
0.6171,0.3121,-0.2322,0.684,2.0,23.069552819138636,45.63388466408679,1739132363.966521
0.6054,0.3368,-0.2629,0.6715,2.0,21.763445012130433,40.83163720677649,1739132363.9865909
0.6051,0.3401,-0.2751,0.6652,2.0,20.515117227342273,39.53846366690857,1739132364.007309
0.6088,0.3384,-0.2833,0.6593,2.0,19.120352291519566,39.03945448923224,1739132364.0284014
0.6129,0.3354,-0.2912,0.6534,2.0,17.64186335733308,38.67993009632727,1739132364.049332
0.6176,0.3338,-0.3008,0.6456,2.0,16.021650340630572,38.01419923080536,1739132364.0693998
0.62,0.334,-0.3135,0.637,2.0,14.36330059726302,36.89186015140643,1739132364.0897593
0.6216,0.3369,-0.3278,0.6267,2.0,12.793508870544372,35.34097343486812,1739132364.1105115
0.6242,0.3431,-0.3406,0.6136,2.0,11.493932987316157,33.59888175187592,1739132364.1306424
0.6222,0.3499,-0.3531,0.6047,2.0,10.697080481336798,31.803464729820348,1739132364.1505768
0.6161,0.3577,-0.3645,0.5996,2.0,10.458015140654481,29.99987904412751,1739132364.1756938
0.6123,0.3676,-0.3724,0.5927,2.0,10.471563801430108,28.314718827568925,1739132364.1956334
0.6108,0.3768,-0.3777,0.585,2.0,10.470733681194162,26.933492793234677,1739132364.216899
0.6097,0.3849,-0.3833,0.5773,2.0,10.330867244867648,25.613956369146848,1739132364.2379973
0.6093,0.3866,-0.3848,0.5755,2.0,10.27467549272734,25.30631950952568,1739132364.2586436
0.6102,0.3862,-0.3843,0.5751,2.0,10.2201695629916,25.394137238940772,1739132364.281219
0.6118,0.385,-0.3839,0.5746,2.0,10.06109939237922,25.546590627903498,1739132364.3004324
0.6131,0.3848,-0.3853,0.5723,2.0,9.766600849138342,25.43261711046091,1739132364.3196077
0.6126,0.3863,-0.3894,0.5691,2.0,9.437913151565681,24.88917204671648,1739132364.3393364
0.6081,0.3895,-0.3963,0.567,2.0,9.276124077318912,23.905016434694858,1739132364.3605976
0.6003,0.3936,-0.4054,0.566,2.0,9.24442375829176,22.60875281932323,1739132364.384575
0.5969,0.399,-0.4113,0.5616,2.0,9.160127176781202,21.49373402565402,1739132364.401331
0.6042,0.3996,-0.4099,0.5542,2.0,8.57456333161835,21.5777577596005,1739132364.4246404
0.616,0.3885,-0.4,0.5564,2.0,8.029315878503269,23.63737233770098,1739132364.4463995
0.634,0.3657,-0.3791,0.5662,2.0,7.511116437712161,27.848130412527127,1739132364.4667063
0.6669,0.3203,-0.3302,0.5862,2.0,7.218375734912939,36.640911107237685,1739132364.4871497
0.6893,0.2972,-0.3003,0.5885,2.0,6.967338108752102,41.433821193551296,1739132364.5069842
0.7119,0.3062,-0.2892,0.562,2.0,6.699409232804442,41.599397115725566,1739132364.5312922
0.7006,0.3586,-0.3161,0.5297,2.0,7.471121669348776,34.30607447766644,1739132364.5480964
0.6093,0.418,-0.4006,0.5418,2.0,9.636800726659146,20.662680603391777,1739132364.6244268
0.5368,0.4518,-0.4719,0.5339,2.0,10.373309643968298,9.835437256911916,1739132364.6282036
0.5418,0.4198,-0.4742,0.5526,2.0,8.858312199354344,12.827186558814674,1739132364.6314514
0.5774,0.3729,-0.441,0.5771,2.0,6.977317495026739,20.86574382583825,1739132364.6337051
0.632,0.3282,-0.3892,0.5843,2.0,4.669109805194239,30.209334630823236,1739132364.6547663
0.6744,0.2886,-0.343,0.5867,2.0,2.8742248020639636,38.15469962254565,1739132364.7274613
0.6948,0.2589,-0.312,0.5941,2.0,1.993855003998931,43.581295553313026,1739132364.7320657
0.6984,0.2507,-0.2993,0.5999,2.0,2.386695087848608,45.45566124654667,1739132364.73515
0.6804,0.2881,-0.3252,0.5901,2.0,4.247905235797646,39.918036700425205,1739132364.7404234
0.6459,0.3404,-0.3739,0.572,2.0,5.617573530186974,30.670062967397,1739132364.813385
0.5787,0.3979,-0.4464,0.5545,2.0,7.26399348957375,17.96636471623674,1739132364.8183532
0.5258,0.4236,-0.5065,0.5362,2.0,7.242817991637651,8.775410985724903,1739132364.821435
0.5466,0.3777,-0.497,0.5582,2.0,4.610007949567063,14.166668589228408,1739132364.8236055
0.5894,0.3227,-0.4559,0.5837,2.0,1.788709757089805,23.506144921227587,1739132364.842911
0.6423,0.2798,-0.3931,0.5955,2.0,0.052238073483692915,33.720043374975546,1739132364.8638444
0.6667,0.2458,-0.3404,0.6158,2.0,0.3350405573508226,41.766277779543316,1739132364.9367661
0.6658,0.2327,-0.3063,0.6393,2.0,2.8362424249063167,46.17312283530782,1739132364.940443
0.6485,0.248,-0.2999,0.6542,2.0,6.614555773250856,45.61488021940755,1739132364.943564
0.6243,0.2892,-0.3229,0.6499,2.0,9.774733739502608,40.041654168512935,1739132364.9497435
0.5902,0.348,-0.3716,0.6265,2.0,11.605574815380834,30.20940146298406,1739132365.0221882
0.5031,0.4286,-0.4826,0.5746,2.0,12.179273091417258,11.021423386420793,1739132365.0281549
0.4933,0.4164,-0.5173,0.5618,2.0,9.321943402777407,8.197018124474653,1739132365.0325196
0.522,0.3678,-0.5005,0.5846,2.0,6.323694537970624,14.624083878208268,1739132365.0356627
0.5727,0.3159,-0.4476,0.6098,2.0,3.785162465285225,24.979840986327133,1739132365.0525203
0.6218,0.2715,-0.3823,0.6273,2.0,2.4087813991424127,35.492979204087874,1739132365.1226428
0.6478,0.2369,-0.3273,0.6459,2.0,2.5879742449069454,43.7556016825653,1739132365.1246638
0.6515,0.2217,-0.2947,0.663,2.0,4.230111307489551,48.13750896384039,1739132365.1268566
0.6458,0.2339,-0.2935,0.6649,2.0,6.162466011096058,47.33272935454835,1739132365.1381364
0.6327,0.2712,-0.3245,0.6487,2.0,7.377550245364262,41.3827746447642,1739132365.1548183
0.6085,0.3299,-0.3799,0.6137,2.0,7.989448152226032,31.00073734421133,1739132365.2319763
0.548,0.3935,-0.4609,0.5765,2.0,8.716419485401047,16.813689514592568,1739132365.2365742
0.4983,0.4211,-0.5245,0.5471,2.0,8.207321901609873,6.878353890613681,1739132365.2407455
0.5337,0.3616,-0.4953,0.5823,2.0,5.400419389453219,15.768971176018113,1739132365.2430005
0.5915,0.314,-0.4312,0.6047,2.0,3.4694237885090615,26.944993029827913,1739132365.264875
0.6434,0.2679,-0.3586,0.621,2.0,2.522508792493909,38.236942576559045,1739132365.3376768
0.6796,0.2289,-0.2972,0.6305,2.0,2.231790908852304,47.35207811735421,1739132365.342745
0.7007,0.2036,-0.2561,0.6341,2.0,2.403429918850975,53.22288794103781,1739132365.3458407
0.7089,0.1959,-0.243,0.6325,2.0,2.3901061990856363,55.0429505026101,1739132365.3484027
0.7138,0.2124,-0.2573,0.6158,2.0,2.0991516685803333,52.43812834806525,1739132365.3667881
0.704,0.2569,-0.2966,0.592,2.0,2.733320920341498,45.21138303458656,1739132365.3881843
0.6646,0.3326,-0.3603,0.5638,2.0,4.794718940275516,32.69203976957462,1739132365.4595048
0.5626,0.4046,-0.4536,0.5603,2.0,8.389889623818249,16.554580909863944,1739132365.4628384
0.522,0.4261,-0.4946,0.549,2.0,8.96423651775973,9.907120217894345,1739132365.4670615
0.5483,0.3872,-0.4758,0.5684,2.0,6.944513314837366,15.741044399136854,1739132365.4737513
0.6299,0.317,-0.3949,0.5889,2.0,3.603616996205602,30.57060219890954,1739132365.4944713
0.6699,0.2808,-0.345,0.5944,2.0,2.500200812958866,38.59461501634328,1739132365.514686
0.6923,0.2645,-0.3161,0.5923,2.0,2.2451080194196322,42.737322574547676,1739132365.535773
0.6942,0.2612,-0.3118,0.5939,2.0,2.276091291883745,43.415856691903485,1739132365.5554912
0.691,0.2637,-0.3215,0.5912,2.0,1.6836417479685508,42.27945350988395,1739132365.5761867
0.6901,0.2665,-0.3349,0.5836,2.0,0.5067918491133412,40.73771108013776,1739132365.5966585
0.6901,0.2666,-0.348,0.5759,2.0,-0.9239290369690707,39.415839368246964,1739132365.6168234
0.6924,0.2643,-0.3572,0.5684,2.0,-2.343378726559024,38.65623789531506,1739132365.6366537
0.6978,0.2591,-0.36,0.5623,2.0,-3.619020830123702,38.76079125002789,1739132365.6584406
0.7062,0.2508,-0.356,0.5583,2.0,-4.731634823853824,39.78697961737737,1739132365.679189
0.7185,0.2408,-0.3459,0.5533,2.0,-5.78200541349878,41.564401761702726,1739132365.703114
0.7324,0.2305,-0.3332,0.5472,2.0,-6.785733363902551,43.61687670441157,1739132365.7236419
0.75,0.2186,-0.3146,0.5392,2.0,-7.7177820987579935,46.36813428163612,1739132365.7445319
0.7593,0.2139,-0.3018,0.5355,2.0,-7.7043257377420105,47.99583767895925,1739132365.764792
0.7672,0.2094,-0.2875,0.5338,2.0,-7.3279829701252766,49.74836470047455,1739132365.7854838
0.7749,0.2045,-0.2726,0.5323,2.0,-6.862067345822368,51.570766951139035,1739132365.806307
0.7828,0.199,-0.2602,0.5291,2.0,-6.761265519646173,53.175008742380044,1739132365.8264546
0.7898,0.192,-0.2507,0.5258,2.0,-7.124805472428193,54.60389762391668,1739132365.8466744
0.7974,0.1833,-0.2405,0.5223,2.0,-7.686699373826855,56.21514592889437,1739132365.8670275
0.8057,0.1721,-0.2264,0.5196,2.0,-8.16614473478728,58.37421896603399,1739132365.8916032
0.8152,0.1598,-0.2088,0.5161,2.0,-8.459425429253713,60.929825816921834,1739132365.9082673
0.825,0.1486,-0.1907,0.5107,2.0,-8.539216638035157,63.4390825067201,1739132365.9325063
0.8338,0.1387,-0.1743,0.5051,2.0,-8.507076396559626,65.67770533365382,1739132365.9533603
0.8427,0.1295,-0.1585,0.498,2.0,-8.39362413238419,67.79711515646872,1739132365.9737697
0.8545,0.1157,-0.1308,0.4893,2.0,-6.9342254047415395,71.30383783520773,1739132365.994544
0.8594,0.1075,-0.1044,0.4888,2.0,-2.7569031154368417,74.18240976972254,1739132366.0185807
0.8683,0.1012,-0.0727,0.4802,2.0,5.026497685264076,77.10220006408366,1739132366.0392737
0.8806,0.0973,-0.0524,0.4609,2.0,11.098057131258372,78.72833575877894,1739132366.0556836
0.8877,0.1013,-0.0636,0.4446,2.0,6.256669064504877,77.67953428954218,1739132366.0808523
0.8882,0.1199,-0.1136,0.4288,2.0,-5.909371230235394,72.40407023050648,1739132366.100327
0.8686,0.1539,-0.2029,0.4251,2.0,-14.967040530087814,61.910974634090394,1739132366.1731346
0.8126,0.1845,-0.3182,0.4521,2.0,-19.028826897032417,48.25615124770968,1739132366.1765375
0.7928,0.2092,-0.3804,0.4278,2.0,-21.064860645597435,39.95856700546656,1739132366.1785443
0.7962,0.1729,-0.364,0.4513,2.0,-23.271890935022725,43.889917296661764,1739132366.1829448
0.822,0.1191,-0.2913,0.4746,2.0,-25.9864476115863,54.73289353178336,1739132366.206208
0.8583,0.0722,-0.1958,0.4689,2.0,-29.335466356704103,67.32671031993425,1739132366.2275755
0.8829,0.0175,-0.0743,0.4634,2.0,-37.2782731164516,82.66269982859558,1739132366.2481506
0.8851,0.0013,-0.0264,0.4647,2.0,-47.705206792914396,88.3893789951963,1739132366.3205338
0.8876,0.0027,-0.012,0.4605,2.0,-38.12359219584323,90.00914161950584,1739132366.3237708
0.8901,0.0225,-0.0443,0.4531,2.0,-24.320788530367906,85.72256452598049,1739132366.3269928
0.8892,0.0609,-0.1176,0.4379,2.0,-24.62858591888181,76.19844653235367,1739132366.3820157
0.8588,0.1089,-0.2178,0.4508,2.0,-23.964064524532716,63.23066565569735,1739132366.3861034
0.8325,0.1515,-0.2986,0.4415,2.0,-23.38479749001658,52.29226014497527,1739132366.3895862
0.8338,0.1508,-0.3052,0.4346,2.0,-24.40105499091402,51.61361762142573,1739132366.3930266
0.8516,0.1098,-0.2512,0.4469,2.0,-26.92524612699441,59.59473146061899,1739132366.4116936
0.8792,0.0636,-0.1674,0.4416,2.0,-30.75250017927425,70.78626557085053,1739132366.4364932
0.9066,0.0191,-0.0818,0.4137,2.0,-40.55387086550422,81.78099801116309,1739132366.456829
0.9202,-0.0195,-0.0165,0.3907,2.0,-104.98338443021294,88.49113293072463,1739132366.4781935
0.9235,-0.0281,0.0075,0.3824,2.0,-160.67571931579187,88.08559191996403,1739132366.4975145
0.9253,0.0087,-0.0358,0.3775,2.0,-42.37160206908038,87.19586001172422,1739132366.5190208
0.916,0.064,-0.1142,0.3792,2.0,-26.46949785691396,76.3743301769116,1739132366.5911667
0.8749,0.1207,-0.2237,0.4123,2.0,-24.642979701768212,61.967375702289075,1739132366.5956175
0.835,0.1639,-0.321,0.4158,2.0,-24.70478381245806,49.16611416984159,1739132366.5993452
0.8312,0.1565,-0.3336,0.4163,2.0,-26.488853955046068,48.17458080189414,1739132366.6014817
0.8531,0.1118,-0.2713,0.4314,2.0,-29.003815008788763,57.29165783947087,1739132366.620754
0.887,0.0666,-0.1728,0.4229,2.0,-31.656763869380256,70.0751622221843,1739132366.6976986
0.9178,0.0243,-0.0764,0.3889,2.0,-37.617131480774106,82.22172682281683,1739132366.7025688
0.9304,-0.0102,-0.0129,0.3662,2.0,-95.07395862053534,89.53408433232715,1739132366.7061677
0.9357,-0.024,0.0092,0.3519,2.0,-168.5880400543374,88.47298111578613,1739132366.7082498
0.9389,-0.0134,-0.0118,0.3436,2.0,-106.7572650150525,89.37263652205326,1739132366.7274387
0.9369,0.0471,-0.1086,0.329,2.0,-35.42933330264407,77.82192797754817,1739132366.8005345
0.9012,0.1061,-0.2142,0.3614,2.0,-30.022450322088787,63.76034577519766,1739132366.8051
0.8441,0.1506,-0.325,0.3991,2.0,-28.057334143577123,49.438134827195086,1739132366.8082373
0.8375,0.163,-0.3475,0.3889,2.0,-28.187123401145584,46.27689664281891,1739132366.810499
0.8583,0.1262,-0.2847,0.4077,1.0,-28.9103540418879,55.131232000666785,1739132366.8334749
0.8907,0.0829,-0.1802,0.4089,1.0,-28.861624697268496,68.53837351707321,1739132366.8538494
0.9292,0.0421,-0.0751,0.3595,1.0,-27.799499703836602,81.54033009120258,1739132366.9260912
0.9472,0.0015,-0.0076,0.3206,1.0,-48.3605633810605,90.5309657163869,1739132366.927104
0.9468,-0.0244,0.0225,0.3199,1.0,167.7637777182021,87.61488512205284,1739132366.9296575
0.9472,-0.0334,0.0244,0.3179,1.0,174.1783127430134,86.67754768727195,1739132366.9359565
0.9507,-0.024,-0.0034,0.3091,1.0,-142.1508424188063,88.64080969799511,1739132366.9564917
0.9529,0.011,-0.0636,0.2963,1.0,-51.13950677489362,84.01739478694208,1739132366.9813168
0.9154,0.1105,-0.2156,0.3215,1.0,-31.73681860412671,63.37768659721763,1739132367.053112
0.8445,0.1624,-0.3355,0.3846,1.0,-27.910108999732017,47.64894540743404,1739132367.058132
0.8354,0.179,-0.3597,0.3751,1.0,-27.587905641692032,44.039693834393915,1739132367.0624106
0.8552,0.1367,-0.3025,0.3981,1.0,-28.944457182520864,52.64321848902898,1739132367.0645077
0.8876,0.0863,-0.2048,0.4034,1.0,-30.933979206907907,65.73790658573711,1739132367.0828004
0.9218,0.0397,-0.1053,0.371,1.0,-35.64410454412439,78.49559266122054,1739132367.155003
0.9426,-0.0023,-0.0352,0.3319,1.0,-62.56563507457385,87.37583052064701,1739132367.1592214
0.9447,-0.032,0.0044,0.3264,1.0,-156.99363946202067,87.71653879937412,1739132367.1613681
0.9476,-0.0472,0.0156,0.3157,1.0,-168.08820695756373,85.71961966913517,1739132367.165494
0.9528,-0.0424,-0.012,0.3005,1.0,-134.9178565121103,86.36735026252512,1739132367.1894877
0.9534,-0.0026,-0.0824,0.2902,1.0,-63.10277810545263,81.96098169233937,1739132367.2106562
0.9326,0.0789,-0.1894,0.2969,1.0,-37.95010575348465,67.73908354666139,1739132367.2831452
0.8319,0.1914,-0.366,0.3705,1.0,-26.61100574797814,42.630039531910825,1739132367.2881706
0.8261,0.1932,-0.3663,0.3821,1.0,-25.593941642726122,42.49083381639511,1739132367.290689
0.8469,0.1549,-0.3063,0.4061,1.0,-25.780246578214303,51.27036506496745,1739132367.2927692
0.8754,0.1163,-0.2208,0.414,1.0,-25.137493050516724,62.516180112025125,1739132367.3126016
0.9025,0.0894,-0.1473,0.3949,1.0,-23.337956766505783,71.5734049683798,1739132367.333493
0.9108,0.0778,-0.1188,0.3878,1.0,-21.94154148057865,75.08968595040659,1739132367.353485
0.9031,0.0884,-0.135,0.398,1.0,-21.22426300094071,72.84579888901584,1739132367.374624
0.8871,0.1135,-0.1766,0.4109,1.0,-20.642939408742194,67.184033283046,1739132367.3981717
0.8636,0.1404,-0.2266,0.4279,1.0,-20.085140421267738,60.49862575828004,1739132367.415879
0.8395,0.1627,-0.2706,0.4421,1.0,-19.43594405409914,54.60835322902241,1739132367.4640074
0.8235,0.1796,-0.2998,0.4469,1.0,-18.812572864121876,50.50754160357485,1739132367.4672246
0.8124,0.1884,-0.315,0.453,1.0,-18.197137002117927,48.35340353619,1739132367.481148
0.8107,0.1912,-0.3219,0.4502,1.0,-18.47134508565773,47.44241368499942,1739132367.5015619
0.8139,0.1927,-0.3245,0.4418,1.0,-19.027603645819397,47.07187721847751,1739132367.5223293
0.8164,0.1959,-0.3279,0.4331,1.0,-19.42327810259343,46.50845049548559,1739132367.5458124
0.816,0.1982,-0.3334,0.4286,1.0,-19.78376348351989,45.77544366230069,1739132367.5628116
0.8157,0.2005,-0.3403,0.4226,1.0,-20.331041013682153,44.89065023920685,1739132367.5866883
0.8162,0.2032,-0.3486,0.4135,1.0,-21.119384060176998,43.82475975546765,1739132367.6037302
0.8176,0.2061,-0.3582,0.4008,1.0,-22.19500084561713,42.600814670258075,1739132367.62847
0.8195,0.209,-0.3688,0.3856,1.0,-23.486147199685092,41.25674149840805,1739132367.648216
0.8215,0.2094,-0.3786,0.3715,1.0,-24.944862351669286,40.14588790724855,1739132367.6706033
0.825,0.2065,-0.3864,0.3571,1.0,-26.698675286717616,39.44938954452158,1739132367.6905158
0.8297,0.2017,-0.3939,0.3402,1.0,-28.814818388312688,38.887172180345516,1739132367.7106783
0.834,0.1947,-0.403,0.3228,1.0,-31.279558766518505,38.24192316829024,1739132367.7345867
0.8367,0.1818,-0.422,0.2981,1.0,-35.30827656622654,36.70856663676636,1739132367.7545664
0.8353,0.173,-0.4391,0.2822,1.0,-38.05393316545627,35.094933493642884,1739132367.7757773
0.8312,0.1639,-0.4584,0.2683,1.0,-40.66114895150662,33.15726036859968,1739132367.796366
0.8262,0.1555,-0.4753,0.2593,1.0,-42.68452441126993,31.407835915758767,1739132367.8169363
0.8218,0.15,-0.4863,0.2563,1.0,-43.7610001619193,30.23586949773977,1739132367.837228
0.8203,0.1479,-0.4883,0.2585,1.0,-43.882888313001104,30.06301441240643,1739132367.856693
0.8237,0.1418,-0.4805,0.2656,1.0,-43.911322942580966,31.287900290729453,1739132367.878307
0.8312,0.138,-0.4602,0.2797,1.0,-42.93437598873504,33.99044313292285,1739132367.9001758
0.8427,0.1334,-0.4315,0.2929,1.0,-41.87963289798091,37.72082944058849,1739132367.9196706
0.8558,0.1272,-0.3983,0.3048,1.0,-40.90990446751482,41.98497537790411,1739132367.943663
0.8676,0.1198,-0.3653,0.3154,1.0,-40.09023863724474,46.20035009556,1739132367.9634407
0.8781,0.1151,-0.3441,0.3121,1.0,-40.16349561624952,48.86731408222491,1739132367.9847312
0.8733,0.1271,-0.368,0.293,1.0,-40.62395063444092,45.59160758623864,1739132368.0051742
0.8499,0.1551,-0.4272,0.2665,1.0,-40.86123482022026,37.35676397096216,1739132368.077375
0.7943,0.1834,-0.5135,0.2679,1.0,-39.93227195307179,25.33263760793392,1739132368.0819569
0.7263,0.207,-0.5959,0.2731,1.0,-38.4620092456924,13.195603858094273,1739132368.0841238
0.7133,0.2099,-0.6127,0.2678,1.0,-38.73634082296661,10.688566950429106,1739132368.087231
0.7374,0.1729,-0.5851,0.29,1.0,-40.29384407969275,16.22243642316701,1739132368.107234
0.784,0.1469,-0.5278,0.2919,1.0,-42.25032923249404,24.97759348459033,1739132368.1283872
0.8287,0.1215,-0.4573,0.2991,1.0,-43.499901558738884,34.93721621119019,1739132368.1483378
0.8637,0.1025,-0.3896,0.3027,1.0,-44.171006548516914,43.90648791135166,1739132368.1692743
0.8852,0.0891,-0.3376,0.3075,1.0,-44.28427873805191,50.546045238995816,1739132368.2416344
0.8942,0.0812,-0.3047,0.3177,1.0,-43.74327453371194,54.65730165715732,1739132368.2470448
0.8983,0.082,-0.293,0.3171,1.0,-43.14689697410546,55.99059508898418,1739132368.2496243
0.8989,0.0919,-0.3071,0.2988,1.0,-43.1779286626076,54.02470037789902,1739132368.2550879
0.8906,0.1152,-0.348,0.2693,1.0,-43.08431453371776,48.40887946219485,1739132368.2756503
0.8315,0.1687,-0.4623,0.2575,1.0,-40.970389853913105,32.46081032269046,1739132368.3473146
0.7606,0.1917,-0.5535,0.2802,1.0,-38.898373383006515,19.703966043000378,1739132368.3506577
0.7364,0.2084,-0.5865,0.2651,1.0,-38.86476509770222,14.43206630011639,1739132368.3537004
0.7538,0.173,-0.5665,0.2847,1.0,-40.5522295055531,18.772556107340307,1739132368.3570926
0.7969,0.1464,-0.5146,0.2805,1.0,-42.952750225342584,26.728557851827077,1739132368.376792
0.8408,0.119,-0.4492,0.2776,1.0,-45.11598221900482,36.038575952589554,1739132368.3981867
0.876,0.0936,-0.3865,0.2729,1.0,-47.30814875184137,44.553314882207104,1739132368.4185646
0.9003,0.0724,-0.3351,0.268,1.0,-49.4561487386739,51.321302779470074,1739132368.4430501
0.9104,0.0565,-0.3023,0.2768,1.0,-50.72697775915333,55.59689050858819,1739132368.5154233
0.9124,0.0557,-0.2977,0.2755,1.0,-50.82561429744112,56.15753203035479,1739132368.5193288
0.9061,0.0729,-0.3268,0.2587,1.0,-49.71518052164015,52.293130326660105,1739132368.522607
0.8854,0.1073,-0.3849,0.2377,1.0,-47.620218909608866,44.3136578200469,1739132368.5257325
0.8043,0.1603,-0.514,0.2515,1.0,-43.53974884631958,26.26624026807181,1739132368.6009486
0.7405,0.1871,-0.59,0.2616,1.0,-41.17310376621424,14.940081240483295,1739132368.6051702
0.7339,0.1857,-0.5977,0.264,1.0,-41.180602903317265,13.924254127646378,1739132368.6068714
0.7631,0.1586,-0.5619,0.2773,1.0,-42.492410200226914,19.973189371850253,1739132368.6098118
0.8083,0.1354,-0.5,0.2799,1.0,-43.97257348717659,29.020700189616065,1739132368.628448
0.8505,0.1136,-0.4301,0.2808,1.0,-45.158483844034095,38.589735209366665,1739132368.6523464
0.8831,0.0941,-0.3676,0.2759,1.0,-46.51644908277132,46.81956347321295,1739132368.6724892
0.9033,0.077,-0.3214,0.2737,1.0,-47.89530610563071,52.8196330963045,1739132368.7452228
0.9144,0.0671,-0.2936,0.2704,1.0,-48.877880232334235,56.3636926119778,1739132368.74896
0.9185,0.065,-0.2882,0.2629,1.0,-49.54263682938489,57.0503230891606,1739132368.7521834
0.9172,0.0734,-0.3068,0.2435,1.0,-49.90214489858329,54.64080138282017,1739132368.7583554
0.9056,0.0989,-0.3497,0.2187,1.0,-48.85646498680666,48.798197156830156,1739132368.7748387
0.8412,0.1622,-0.4673,0.2182,1.0,-44.541474685267985,32.12695565199766,1739132368.8514163
0.7623,0.187,-0.5661,0.2519,1.0,-41.658971236189245,18.224263327766067,1739132368.8557725
0.7399,0.2008,-0.5947,0.2421,1.0,-41.44928627137517,13.659069325872991,1739132368.8583114
0.7613,0.163,-0.567,0.2689,1.0,-42.732338627563024,19.110446994330232,1739132368.8604684
0.8066,0.1363,-0.5078,0.2703,1.0,-44.6736155199801,27.976279802435727,1739132368.8813982
0.8505,0.1102,-0.4355,0.2735,1.0,-46.19821368057609,38.03131466091787,1739132368.9024637
0.8868,0.0893,-0.3666,0.2667,1.0,-47.79652010403339,47.08463794427428,1739132368.9746237
0.9101,0.0698,-0.3115,0.2643,1.0,-49.40118575326733,54.18599199372724,1739132368.9792585
0.9211,0.0553,-0.2769,0.2678,1.0,-50.719686767645385,58.61730171100021,1739132368.981323
0.9252,0.052,-0.2726,0.2589,1.0,-51.79188937418593,59.194203415130715,1739132368.9868143
0.9213,0.0628,-0.3012,0.2376,1.0,-51.98625755426667,55.58138523460721,1739132369.0084493
0.9055,0.0917,-0.3561,0.2115,1.0,-50.6372975327065,48.2708654548033,1739132369.028444
0.8304,0.1511,-0.4886,0.2211,1.0,-46.13114244298856,29.900188705167352,1739132369.1008067
0.7535,0.1807,-0.5829,0.2443,1.0,-43.03765451850933,16.20263893834087,1739132369.1049185
0.7349,0.1971,-0.6041,0.2368,1.0,-42.29493557985376,12.513857267422736,1739132369.1084595
0.7602,0.164,-0.5711,0.2628,1.0,-43.13251702652087,18.50989100902376,1739132369.1110344
0.8065,0.1418,-0.5054,0.2722,1.0,-43.90247189225295,28.092426322559476,1739132369.131556
0.8502,0.1266,-0.4293,0.2771,1.0,-43.7422125605724,38.24274475400236,1739132369.152291
0.8782,0.1161,-0.3649,0.2865,1.0,-42.5072876661572,46.38963657009987,1739132369.1724613
0.8873,0.1118,-0.3251,0.3075,1.0,-40.13301629559999,51.202445777777086,1739132369.1936371
0.8866,0.119,-0.3102,0.3218,1.0,-37.28808857107617,52.60880935230878,1739132369.2175732
0.8791,0.1325,-0.3116,0.3354,1.0,-34.305352689637914,51.83595274433682,1739132369.2368307
0.8672,0.1473,-0.3181,0.3537,1.0,-31.189070636474014,50.376441837115294,1739132369.2581506
0.8549,0.1622,-0.3226,0.3726,1.0,-27.98262255665503,49.08441309104256,1739132369.2783225
0.8425,0.1769,-0.3234,0.3929,1.0,-24.544241062117692,48.156582069138324,1739132369.2994094
0.8232,0.2028,-0.3164,0.4257,1.0,-18.221884272256403,47.267390478538005,1739132369.3195884
0.8082,0.2209,-0.3077,0.4509,1.0,-13.392664352011593,46.90255439312239,1739132369.3402903
0.7947,0.24,-0.2982,0.4712,1.0,-8.731913802762506,46.40457695299054,1739132369.3603506
0.779,0.2558,-0.2936,0.4915,1.0,-4.911459889851415,45.58317827321497,1739132369.3816931
0.7646,0.2697,-0.2958,0.505,1.0,-2.4236654900690837,44.227642665630555,1739132369.4016802
0.7514,0.2842,-0.3046,0.5117,1.0,-0.9545594479210422,42.1793496295478,1739132369.422536
0.7377,0.3011,-0.3193,0.513,1.0,-0.09033896435033739,39.354359559875434,1739132369.4426775
0.7242,0.3199,-0.3373,0.5093,1.0,0.37560591158086254,36.01531714672882,1739132369.463444
0.7122,0.3398,-0.3557,0.5008,1.0,0.5793092857267652,32.48453962482449,1739132369.4835346
0.6993,0.3608,-0.373,0.4917,1.0,0.9348413740780188,28.89391584732857,1739132369.5070567
0.6845,0.3852,-0.3844,0.4851,1.0,2.1595451723119368,25.480002468829696,1739132369.528364
0.6625,0.4123,-0.3905,0.4885,1.0,4.734077538437873,22.21411115341553,1739132369.5485137
0.6334,0.4401,-0.394,0.4998,1.0,8.214625755807589,19.006606145300793,1739132369.569687
0.6035,0.4701,-0.3898,0.5128,1.0,12.464939597733348,16.139082095395082,1739132369.5902534
0.6068,0.4692,-0.3762,0.5198,1.0,13.636956001270107,17.478168050198576,1739132369.6113937
0.6202,0.4544,-0.3517,0.534,1.0,14.764507902832065,21.274895880503607,1739132369.6314175
0.6381,0.43,-0.3178,0.5541,1.0,16.277801956530055,26.770989034676205,1739132369.6512544
0.6617,0.3979,-0.2765,0.5721,1.0,17.826109703019142,33.455639257668906,1739132369.6725426
0.6904,0.3592,-0.2319,0.5835,1.0,19.131964002152984,40.79511036911043,1739132369.6927252
0.7198,0.3159,-0.1893,0.5884,1.0,20.107590863026132,48.20076711663455,1739132369.7128377
0.7512,0.275,-0.1534,0.5801,1.0,20.29793603691806,54.710572131089464,1739132369.7335477
0.7784,0.2488,-0.1349,0.5602,1.0,19.050272759387212,58.54022070219588,1739132369.7584348
0.7755,0.2532,-0.1465,0.5594,1.0,17.526115632920494,57.401422000593726,1739132369.774975
0.7487,0.3112,-0.182,0.5564,1.0,18.072635066768527,49.15363454595166,1739132369.8505206
0.6733,0.4043,-0.2537,0.5646,1.0,19.64835267762612,34.400542511630164,1739132369.8538525
0.5661,0.4894,-0.3476,0.5651,1.0,21.339864213685786,17.636788480878863,1739132369.855958
0.5332,0.4998,-0.3867,0.5624,1.0,20.572301688754095,13.033834931969835,1739132369.8606002
0.5502,0.4638,-0.3751,0.5843,1.0,19.532379619619377,18.180399140419325,1739132369.881316
0.6122,0.4002,-0.3165,0.604,1.0,18.049901423363735,30.061715907885343,1739132369.901718
0.6401,0.3635,-0.2816,0.6155,1.0,17.888060212863593,36.668223386301605,1739132369.9216402
0.6559,0.3367,-0.2548,0.6256,1.0,18.30375336498537,41.46824217776208,1739132369.942517
0.6666,0.3165,-0.233,0.6334,1.0,18.952501213746956,45.133938873901485,1739132369.9633348
0.6737,0.2949,-0.2162,0.6422,1.0,19.157532430863824,48.52205290879658,1739132370.035188
0.6873,0.2715,-0.2024,0.6426,1.0,18.145909233372038,51.830532613077054,1739132370.0408924
