0.5883,0.3832,-0.6049,0.3758,3.0,-1.8206927730161055,-0.14249139125828947,1739132349.6104236
0.5883,0.3832,-0.6049,0.3758,3.0,-1.8206927730161055,-0.14249139125828947,1739132349.6315265
0.5883,0.3832,-0.6049,0.3758,3.0,-1.8206927730161055,-0.14249139125828947,1739132349.6515894
0.5883,0.3832,-0.6049,0.3758,3.0,-1.8206927730161055,-0.14249139125828947,1739132349.6716945
0.5883,0.3832,-0.6049,0.3758,3.0,-1.8206927730161055,-0.14249139125828947,1739132349.68837
0.5883,0.3832,-0.6049,0.3758,3.0,-1.8206927730161055,-0.14249139125828947,1739132349.708906
0.5883,0.3832,-0.6049,0.3758,3.0,-1.8206927730161055,-0.14249139125828947,1739132349.7294104
0.5883,0.3832,-0.6049,0.3758,3.0,-1.8206927730161055,-0.14249139125828947,1739132349.7503414
0.5883,0.3832,-0.6049,0.3758,3.0,-1.8206927730161055,-0.14249139125828947,1739132349.7704756
0.5883,0.3832,-0.6049,0.3758,3.0,-1.8206927730161055,-0.14249139125828947,1739132349.7914329
0.5883,0.3832,-0.6049,0.3758,3.0,-1.8206927730161055,-0.14249139125828947,1739132349.811781
0.5883,0.3832,-0.6049,0.3758,3.0,-1.8206927730161055,-0.14249139125828947,1739132349.8327458
0.5883,0.3832,-0.6049,0.3758,3.0,-1.8206927730161055,-0.14249139125828947,1739132349.8523555
0.5883,0.3832,-0.6049,0.3757,3.0,-1.8276101027886966,-0.14260398026758025,1739132349.8729546
0.5883,0.3832,-0.6049,0.3757,3.0,-1.8276101027886966,-0.14260398026758025,1739132349.8893263
0.5884,0.3833,-0.6049,0.3755,3.0,-1.8391054976257522,-0.15132390404289708,1739132349.9104967
0.5884,0.3835,-0.6048,0.3754,3.0,-1.828226985446065,-0.15510113864718278,1739132349.930278
0.5885,0.3836,-0.6047,0.3753,3.0,-1.8285207055836565,-0.15003235082411948,1739132349.9505231
0.5886,0.3838,-0.6046,0.3751,3.0,-1.828979521399276,-0.15376328826005192,1739132349.9715455
0.5889,0.3839,-0.6042,0.375,3.0,-1.825215969644006,-0.10732575526799337,1739132349.9914663
0.5895,0.3838,-0.6036,0.3751,3.0,-1.8257123745839579,-0.015473203521622736,1739132350.0124702
0.5903,0.3834,-0.6034,0.375,3.0,-1.8862619450904106,0.04779781431327024,1739132350.0326478
0.5908,0.3821,-0.6041,0.3744,3.0,-2.067753089018254,0.06496476373899895,1739132350.0533476
0.5917,0.3812,-0.6049,0.3724,3.0,-2.3409011305231786,0.032654179343893475,1739132350.069506
0.5932,0.3801,-0.6061,0.3692,3.0,-2.754272419740971,-0.03789825671742619,1739132350.090503
0.596,0.3793,-0.6077,0.3627,3.0,-3.451172279237767,-0.19101504324547136,1739132350.1116457
0.5986,0.3791,-0.6103,0.3542,3.0,-4.283989695452334,-0.5366430215808862,1739132350.1315825
0.5953,0.3808,-0.6129,0.3536,3.0,-4.181927880264993,-1.0492187199416776,1739132350.1514378
0.5916,0.3793,-0.6172,0.3539,3.0,-4.283694600085596,-1.5252377478360302,1739132350.1725395
0.5869,0.3771,-0.6222,0.3553,3.0,-4.335627211425617,-2.0454606048906783,1739132350.192716
0.5828,0.3795,-0.6253,0.3541,3.0,-4.208566771526478,-2.6978761501791553,1739132350.2125103
0.5779,0.3831,-0.6279,0.3536,3.0,-3.8948790427276094,-3.387990833793708,1739132350.23353
0.5728,0.3875,-0.6295,0.3543,3.0,-3.391104748133671,-4.009262895441651,1739132350.253756
0.5702,0.3911,-0.6288,0.3559,3.0,-2.892926830706358,-4.229977677616603,1739132350.2736967
0.5679,0.3945,-0.6266,0.3593,3.0,-2.229864172532473,-4.221207259767141,1739132350.2943757
0.5656,0.3986,-0.6243,0.3627,3.0,-1.516806982429955,-4.262981328530714,1739132350.3145015
0.563,0.4028,-0.6217,0.3665,3.0,-0.7422560150262427,-4.277748209485196,1739132350.3314471
0.5607,0.4066,-0.6193,0.3699,3.0,-0.044605442102863435,-4.288850798100697,1739132350.3523612
0.5592,0.4089,-0.6177,0.3721,3.0,0.39912871389020665,-4.2778591594807835,1739132350.3725405
0.5587,0.4097,-0.6172,0.3728,3.0,0.5454106242472392,-4.282169866924221,1739132350.3974576
0.5589,0.4095,-0.6174,0.3725,3.0,0.49321266775655204,-4.291223976933537,1739132350.4143758
0.559,0.4092,-0.6175,0.3724,3.0,0.4577717177617444,-4.27768547313201,1739132350.4349072
0.5591,0.4092,-0.6176,0.3723,3.0,0.44167178891842696,-4.290914397408784,1739132350.4547226
0.5593,0.4089,-0.6177,0.372,3.0,0.3873020924632442,-4.277628452621343,1739132350.4748547
0.5598,0.4083,-0.6182,0.3714,3.0,0.2610408276478893,-4.290835310615705,1739132350.494558
0.5604,0.4072,-0.6188,0.3704,3.0,0.06510305793125326,-4.274391887582681,1739132350.515451
0.5613,0.4058,-0.6198,0.369,3.0,-0.20981061970596215,-4.285491054686332,1739132350.532592
0.5625,0.4039,-0.6209,0.3673,3.0,-0.556752170737127,-4.265969054247563,1739132350.553696
0.5639,0.4017,-0.6223,0.3652,3.0,-0.9736948620796966,-4.262260729005163,1739132350.5734396
0.5651,0.3997,-0.6236,0.3634,3.0,-1.3426822738762212,-4.263833313751292,1739132350.5948815
0.5659,0.3983,-0.6245,0.3621,3.0,-1.6015765190375078,-4.26473271542676,1739132350.614129
0.5668,0.3968,-0.6254,0.3608,3.0,-1.8715903509617533,-4.256860219532371,1739132350.634805
0.5678,0.3951,-0.6265,0.3593,3.0,-2.1819064166157887,-4.259889532005332,1739132350.6554885
0.569,0.393,-0.6277,0.3574,3.0,-2.560474304533784,-4.243527588412462,1739132350.6756384
0.5624,0.3802,-0.6368,0.3655,3.0,-2.8859050779257984,-4.428942812225074,1739132350.6963146
0.5609,0.3802,-0.6412,0.36,3.0,-3.385453584379718,-5.07736219936217,1739132350.7160046
0.5626,0.3872,-0.6412,0.35,3.0,-3.7320460265751763,-5.695807858477849,1739132350.7333522
0.5566,0.373,-0.6525,0.3538,3.0,-4.548481010191978,-6.139312916594463,1739132350.7536614
0.5602,0.3704,-0.6559,0.3446,2.0,-5.693167707985879,-6.429219216554486,1739132350.7747407
0.5675,0.3689,-0.6553,0.3351,2.0,-6.806237141784095,-6.211072808558072,1739132350.794435
0.5786,0.3605,-0.6543,0.3273,2.0,-8.395436133358032,-5.3512704794737544,1739132350.814758
0.5911,0.3525,-0.6492,0.3238,2.0,-9.53020990066895,-3.928135400065713,1739132350.8356082
0.6008,0.3378,-0.6473,0.3255,2.0,-10.738593025204523,-2.4782150269855947,1739132350.855945
0.6066,0.3257,-0.6462,0.3292,2.0,-11.506963291202766,-1.393516241334737,1739132350.875682
0.6085,0.3156,-0.6463,0.3354,2.0,-11.854419752401895,-0.6653128646414928,1739132350.896453
0.608,0.306,-0.6492,0.3394,2.0,-12.336588248528528,-0.41211780432297473,1739132350.9166431
0.605,0.3033,-0.6517,0.3425,2.0,-12.272628339683791,-0.5962226195534015,1739132350.9370325
0.6021,0.3059,-0.6524,0.344,2.0,-11.882776589242752,-0.8824484866192108,1739132350.9547136
0.6011,0.3158,-0.6495,0.342,2.0,-11.176726518856185,-1.1558135298396337,1739132350.9744635
0.5995,0.328,-0.6449,0.3422,2.0,-10.068418395791952,-1.3734776736392007,1739132350.9948368
0.6013,0.3384,-0.6401,0.3379,2.0,-9.54697423062791,-1.460963365884112,1739132351.0158415
0.6032,0.3503,-0.634,0.3337,2.0,-8.870925994666436,-1.5098770874862453,1739132351.0364172
0.6074,0.3574,-0.6287,0.3287,2.0,-8.707124873364762,-1.318245706850547,1739132351.0567346
0.6118,0.3611,-0.6237,0.3263,2.0,-8.60241321234352,-0.9044900388426242,1739132351.0770352
0.6127,0.3601,-0.6205,0.3315,2.0,-8.200944786390409,-0.3656995089640418,1739132351.0985754
0.6154,0.3517,-0.6195,0.3374,2.0,-8.426173411047074,0.4618110794969823,1739132351.1182764
0.6224,0.3442,-0.6141,0.342,2.0,-8.686107109705517,1.8232819749752593,1739132351.1382322
0.6365,0.3417,-0.6024,0.3392,2.0,-9.127643827712916,3.651745423745126,1739132351.1583178
0.6407,0.3339,-0.5967,0.3493,2.0,-8.915737148062789,5.040260678729339,1739132351.1755178
0.6351,0.3267,-0.5956,0.3676,2.0,-7.93639712953933,5.737700054516409,1739132351.1965585
0.6315,0.3203,-0.5945,0.381,2.0,-7.32649769648512,6.364278122136199,1739132351.2165427
0.6335,0.3156,-0.5881,0.3914,2.0,-6.815430818749064,7.579993275573287,1739132351.236604
0.6475,0.3168,-0.5748,0.3873,2.0,-6.9977993297823105,9.278288840620121,1739132351.2566476
0.6674,0.3205,-0.5586,0.374,2.0,-7.633839579491138,11.134142683100208,1739132351.2769034
0.6875,0.3271,-0.5448,0.3514,2.0,-8.691112807413361,12.411433300045445,1739132351.2996585
0.7003,0.3298,-0.5386,0.3328,2.0,-9.84614902988119,12.98840916806742,1739132351.3185403
0.6989,0.3328,-0.5457,0.3208,2.0,-10.711940021560451,11.858272466069252,1739132351.3394194
0.6904,0.3377,-0.559,0.3111,2.0,-11.351186404521911,9.76901360970109,1739132351.3593366
0.6783,0.3442,-0.5728,0.3056,2.0,-11.489326643170159,7.451808655736954,1739132351.376561
0.6643,0.3448,-0.5865,0.3097,2.0,-11.298496273268768,5.576655376363533,1739132351.3970065
0.6528,0.3414,-0.5982,0.3156,2.0,-11.229047861522616,4.252911312015414,1739132351.4169052
0.645,0.3399,-0.6057,0.3188,2.0,-11.143398659156105,3.334766140653869,1739132351.4367647
0.6393,0.3431,-0.6097,0.3192,2.0,-10.843901025941165,2.5269592394242295,1739132351.4581385
0.634,0.3483,-0.6122,0.3192,3.0,-10.383887582546265,1.764913605903189,1739132351.478445
0.6275,0.3538,-0.6141,0.3224,3.0,-9.603846016421954,1.0553861491071075,1739132351.4984
0.6212,0.3557,-0.6165,0.3279,3.0,-8.933874145151549,0.5624550034839899,1739132351.5195837
0.6179,0.3583,-0.6165,0.3314,3.0,-8.374103750417532,0.3497773787363201,1739132351.5394475
0.6169,0.3602,-0.6156,0.3327,3.0,-8.073523639842733,0.3202932082313339,1739132351.5595896
0.6171,0.3616,-0.6148,0.3323,3.0,-7.9805435728896725,0.3172974652310643,1739132351.576724
0.6172,0.3654,-0.6134,0.3304,3.0,-7.801530589996503,0.19763461237525348,1739132351.598204
0.6198,0.3687,-0.6129,0.3229,3.0,-8.196629324448338,-0.009608170819632278,1739132351.618142
0.623,0.373,-0.6117,0.3139,3.0,-8.629498840493511,-0.20679618710619252,1739132351.6384134
0.6262,0.3767,-0.6099,0.3065,3.0,-8.963553382676139,-0.2727443417259394,1739132351.6596575
0.6282,0.3806,-0.6082,0.3011,3.0,-9.098465756455028,-0.3737487714120675,1739132351.6799915
0.628,0.3819,-0.6074,0.3014,3.0,-8.947211137079421,-0.3759906878573247,1739132351.6994665
0.6265,0.3793,-0.609,0.3046,3.0,-8.900336868213515,-0.3721785382974474,1739132351.7205982
0.6233,0.3755,-0.611,0.3118,3.0,-8.595130637945488,-0.3230691124825853,1739132351.7405438
0.6232,0.3732,-0.6093,0.3179,3.0,-8.230424775010675,0.1119970638098664,1739132351.760391
0.6287,0.3713,-0.6016,0.324,3.0,-7.798051564138689,1.3426697819425044,1739132351.7816453
0.64,0.3671,-0.5876,0.3322,3.0,-7.317695405858274,3.6064865208535934,1739132351.8016996
0.6573,0.3572,-0.5697,0.3403,3.0,-7.2854302690362545,6.809808359427336,1739132351.8223724
0.6783,0.3387,-0.5496,0.3511,3.0,-7.733683332491296,10.898195508007461,1739132351.83853
0.7015,0.3128,-0.5262,0.3649,3.0,-8.533147623597188,15.827784030177725,1739132351.8592374
0.7292,0.285,-0.496,0.3755,3.0,-9.617049603693317,21.531956591638362,1739132351.880505
0.7648,0.2576,-0.4564,0.3746,3.0,-11.207893327799638,28.107203915717093,1739132351.9528072
0.7786,0.2136,-0.4283,0.4059,3.0,-12.704586705648637,34.12843581871425,1739132351.9584754
0.7521,0.1711,-0.4252,0.4736,3.0,-12.626130049908,36.75846728584983,1739132351.9627562
0.7574,0.1852,-0.4297,0.4554,3.0,-12.411604544578012,35.52081186066141,1739132351.964927
0.7506,0.213,-0.4594,0.4244,3.0,-12.38553921103204,30.47370674792822,1739132351.982589
0.7344,0.2612,-0.501,0.3759,3.0,-12.103607839155586,22.515252529922748,1739132352.0026252
0.6936,0.297,-0.5463,0.3637,3.0,-10.542682729267597,14.420607474202797,1739132352.0738637
0.6594,0.3164,-0.5754,0.366,3.0,-8.906784492006182,9.228134079937774,1739132352.0770836
0.6681,0.3193,-0.5673,0.3604,3.0,-9.027869285251882,10.086118443497469,1739132352.080938
0.7023,0.2918,-0.5369,0.3652,3.0,-10.746348901684712,15.984023009471201,1739132352.0832033
0.7362,0.2405,-0.499,0.3887,3.0,-13.179077490317269,24.044920492087755,1739132352.152942
0.749,0.1727,-0.4638,0.4406,3.0,-15.855223388237704,31.989485080033234,1739132352.1562865
0.7316,0.1128,-0.4426,0.5061,3.0,-17.77242029452441,36.96337180938431,1739132352.1584086
0.7176,0.0948,-0.4428,0.5292,3.0,-18.253317566889052,37.46577664739229,1739132352.1627219
0.7139,0.1245,-0.4666,0.507,3.0,-16.42312807982114,33.56643320529213,1739132352.1823883
0.7061,0.1829,-0.5031,0.4636,3.0,-13.478688523112396,26.586644988811116,1739132352.2036161
0.6826,0.2571,-0.5444,0.4142,3.0,-10.215785594003421,17.283838491079507,1739132352.2751877
0.6249,0.31,-0.5986,0.3937,3.0,-7.154400857730707,6.548668932573975,1739132352.2804883
0.5806,0.3533,-0.6323,0.3721,3.0,-4.894900913755407,-1.5041582777565452,1739132352.2826595
0.5787,0.37,-0.6302,0.3619,3.0,-4.306340461791308,-2.5872679669535046,1739132352.2847629
0.6179,0.3587,-0.5976,0.3639,3.0,-5.275950261039043,2.9465517321297057,1739132352.3531184
0.6684,0.317,-0.5532,0.383,3.0,-7.1175581223876065,12.093985644965784,1739132352.357224
0.72,0.262,-0.498,0.4061,3.0,-9.571431439466068,22.83116152269514,1739132352.3608067
0.7573,0.1958,-0.4418,0.4392,3.0,-12.730588253250858,33.52445210699884,1739132352.363008
0.7195,0.1153,-0.4205,0.5406,3.0,-14.491647906301807,39.61687451745419,1739132352.3835177
0.7209,0.1127,-0.4224,0.5377,3.0,-15.087406789623259,39.47148625933693,1739132352.4036233
0.7184,0.1407,-0.4528,0.509,3.0,-14.164644174833626,34.70923011089906,1739132352.4244196
0.7112,0.1978,-0.4958,0.4574,3.0,-12.248480643579455,26.793618153884665,1739132352.444705
0.6749,0.2573,-0.5518,0.4171,3.0,-10.028633723190922,16.305087997242822,1739132352.5173433
0.6138,0.3041,-0.6111,0.3967,3.0,-7.413849227445155,5.226333874776401,1739132352.5232558
0.5831,0.3459,-0.6332,0.3732,3.0,-5.477750867570421,-1.0421346845248252,1739132352.525533
0.6016,0.3519,-0.6157,0.3676,3.0,-5.568317801161896,0.983546473567543,1739132352.5281565
0.6489,0.3204,-0.5758,0.3804,3.0,-7.271434199115248,8.880179180473021,1739132352.5969386
0.6977,0.2609,-0.5258,0.4107,3.0,-9.871130248632596,19.433602847948464,1739132352.601829
0.7459,0.1951,-0.4639,0.4363,3.0,-13.61009928369117,30.886931242343707,1739132352.6051507
0.7003,0.0979,-0.4341,0.5582,3.0,-15.477840362266335,38.47058568584981,1739132352.606268
0.7006,0.0962,-0.4272,0.5634,3.0,-15.248975059509121,39.37830324821226,1739132352.6254277
0.7,0.1282,-0.4534,0.5367,3.0,-13.478410457569538,35.09594533606926,1739132352.6449227
0.696,0.1902,-0.4946,0.4844,3.0,-10.87325790150237,27.321478817368217,1739132352.6658235
0.6647,0.257,-0.5467,0.4395,3.0,-8.094091859597995,16.9917703548617,1739132352.733809
0.6099,0.3109,-0.6005,0.4133,3.0,-5.248887566967994,6.221669325682257,1739132352.7358625
0.5828,0.3517,-0.6199,0.3903,3.0,-3.3661609485675115,0.4049309302770041,1739132352.738475
0.6033,0.358,-0.6007,0.3835,3.0,-3.5080460533131372,2.5782119784872464,1739132352.7449348
0.6486,0.3248,-0.562,0.3975,3.0,-5.217129813953136,10.369451796086821,1739132352.816928
0.6965,0.2675,-0.5133,0.424,3.0,-7.887670489622337,20.583983975534778,1739132352.8206472
0.7383,0.2035,-0.4574,0.4519,3.0,-11.290083212401328,31.23644383737272,1739132352.823707
0.6974,0.123,-0.433,0.5577,3.0,-12.237932804059199,37.81374514496221,1739132352.8257513
0.7003,0.1239,-0.4246,0.5604,3.0,-11.809445017522023,38.81390943790751,1739132352.846543
0.7018,0.1505,-0.44,0.5397,3.0,-10.300578859996222,35.89337139936464,1739132352.866866
0.7029,0.1992,-0.4627,0.5022,3.0,-7.907399362183412,30.819577866254633,1739132352.8835046
0.6788,0.2394,-0.4918,0.49,3.0,-4.964559693895069,24.998232109790706,1739132352.9039528
0.6519,0.2731,-0.5168,0.4831,3.0,-2.3499030892188557,19.779405749589785,1739132352.9244003
0.6335,0.2984,-0.5302,0.478,3.0,-0.33765080115401247,16.37033916393915,1739132352.9447699
0.6287,0.3126,-0.5284,0.4772,3.0,1.0632138983473851,15.568943927938165,1739132352.9655292
0.6324,0.3181,-0.5154,0.483,2.0,2.308837853318039,16.764883667000788,1739132352.987193
0.6371,0.319,-0.4979,0.4944,2.0,3.7146705687261203,18.8160626701071,1739132353.0070357
0.6337,0.3142,-0.4843,0.5149,2.0,5.324541596962831,20.79778387455184,1739132353.0271552
0.6257,0.3099,-0.4738,0.5367,2.0,7.064589755996735,22.352955369354476,1739132353.0471983
0.6167,0.3107,-0.4647,0.5543,2.0,8.971848285478671,23.34419512977621,1739132353.0683262
0.6055,0.3151,-0.4579,0.5696,2.0,11.038905627543954,23.780196865437944,1739132353.0867572
0.5946,0.3231,-0.4525,0.5807,2.0,13.105808992320249,23.75851291876924,1739132353.1049037
0.585,0.3344,-0.4469,0.5884,2.0,15.227578306511361,23.461093199530552,1739132353.1255493
0.576,0.3486,-0.4396,0.5945,2.0,17.574995854606357,23.062491083239365,1739132353.1457489
0.5682,0.365,-0.4302,0.5991,2.0,20.084341102456506,22.626706727378632,1739132353.166233
0.5593,0.3805,-0.4198,0.6052,2.0,22.701170331107335,22.292736855380383,1739132353.186801
0.5486,0.3928,-0.4089,0.6144,2.0,25.3430466777601,22.236183740171185,1739132353.2071207
0.5407,0.4036,-0.3958,0.623,2.0,27.85971843424599,22.473069748457306,1739132353.2267733
0.5335,0.4117,-0.3829,0.6319,2.0,30.157358319145317,22.896614110471546,1739132353.2482653
0.5258,0.4193,-0.3712,0.6403,2.0,32.34524977113358,23.205596833259563,1739132353.268487
0.5166,0.4276,-0.3613,0.6479,2.0,34.49227549479744,23.233395167037372,1739132353.288172
0.5048,0.4352,-0.355,0.6556,2.0,36.45498676297325,22.980660998847014,1739132353.3092442
0.4927,0.4412,-0.3523,0.6622,2.0,37.99725919840466,22.56869572497709,1739132353.329226
0.4811,0.4464,-0.3517,0.6675,2.0,39.240058856293956,22.054819820956197,1739132353.3464746
0.4723,0.4521,-0.3513,0.6702,2.0,40.233726120208985,21.46203490310228,1739132353.366723
0.4653,0.4579,-0.3522,0.6707,2.0,40.93804623564958,20.7419347727795,1739132353.3870678
0.456,0.4622,-0.3567,0.6718,2.0,41.42874447657633,19.875156524248013,1739132353.4068677
0.447,0.4648,-0.3605,0.674,2.0,41.9055384359815,19.255922619540513,1739132353.4281595
0.4465,0.4663,-0.3569,0.6752,2.0,42.34924203464311,19.39900061440079,1739132353.4492443
0.4537,0.4616,-0.3481,0.6781,2.0,42.4492666643215,20.679435004990182,1739132353.4684772
0.4683,0.4482,-0.3357,0.6835,2.0,42.00525224214212,23.208539016984616,1739132353.4892342
0.4878,0.4268,-0.3197,0.6912,2.0,41.20805675842877,26.865061194126213,1739132353.510323
0.5128,0.3985,-0.301,0.6982,2.0,39.89457518008683,31.399647049103407,1739132353.581855
0.5414,0.3634,-0.2805,0.7043,2.0,38.041876008422804,36.66656318383713,1739132353.5862706
0.5726,0.3254,-0.2608,0.7058,2.0,35.49234146890146,42.02684827498757,1739132353.5900242
0.5786,0.2936,-0.2584,0.7157,2.0,32.95057458002873,45.27069924029138,1739132353.5933056
0.5689,0.2849,-0.2767,0.7202,2.0,30.785936580902415,44.516353777968334,1739132353.608851
0.5626,0.3041,-0.3125,0.7024,2.0,28.781194596668456,39.61457759874298,1739132353.6291976
0.5546,0.3497,-0.3546,0.6666,2.0,28.096803934599762,31.57955424175981,1739132353.7008924
0.5343,0.4058,-0.3894,0.631,2.0,29.18049516003765,22.873603999870454,1739132353.705302
0.4995,0.4492,-0.4073,0.6188,2.0,32.14525598988217,16.663447378504202,1739132353.7074237
0.4842,0.4751,-0.4037,0.6139,2.0,34.636396508357734,14.180538209703116,1739132353.710967
0.5029,0.4646,-0.3865,0.618,2.0,34.36117803406415,16.95363432879509,1739132353.7307475
0.5325,0.4149,-0.3696,0.6385,2.0,31.73248209130307,23.807500652087754,1739132353.8033793
0.5528,0.3482,-0.3505,0.6711,2.0,28.587656712523682,32.10190405975396,1739132353.8066473
0.5498,0.2957,-0.3304,0.7079,2.0,27.247901023762893,38.67618677198209,1739132353.8092897
0.541,0.2719,-0.3136,0.7314,2.0,27.692019213494632,42.27370904501129,1739132353.8115838
0.5301,0.278,-0.308,0.7395,2.0,29.690328903033276,42.29098471233175,1739132353.8290706
0.5176,0.3068,-0.3162,0.7334,2.0,32.17819225915275,39.03851147762833,1739132353.8497875
0.4975,0.3505,-0.3413,0.7164,2.0,34.239386452801455,32.73836582390527,1739132353.869763
0.4763,0.4083,-0.3735,0.6833,2.0,35.925263419660325,24.12245548333331,1739132353.9428873
0.4414,0.4649,-0.4039,0.6526,2.0,38.19825709552936,15.291361940400208,1739132353.9472938
0.4285,0.5126,-0.4057,0.6237,2.0,40.40507097303481,9.672933953398854,1739132353.949839
0.4423,0.5186,-0.3922,0.6178,2.0,40.556380948044676,10.203474665744636,1739132353.9519765
0.4781,0.4823,-0.3725,0.6324,2.0,38.48532766526773,16.227145208573262,1739132354.0240302
0.5208,0.4185,-0.3475,0.6579,2.0,35.18540368707926,25.41072909519613,1739132354.0297828
0.5522,0.3428,-0.319,0.6898,2.0,31.63688349607395,35.474239631155825,1739132354.0332081
0.5295,0.2784,-0.3065,0.7404,2.0,29.934189626207,42.397240751247296,1739132354.0353906
0.5212,0.2617,-0.3006,0.7546,2.0,29.665157666111327,44.34363884232323,1739132354.0506384
0.5235,0.2841,-0.311,0.7406,2.0,30.412221169315274,41.494217211705205,1739132354.0714421
0.5157,0.326,-0.3395,0.7159,2.0,31.326024905780343,35.161831300315384,1739132354.0917683
0.5033,0.3839,-0.3777,0.6757,2.0,32.04087915512443,26.149418203994912,1739132354.1629174
0.4837,0.4468,-0.41,0.6311,2.0,33.24669526802694,16.657964165973112,1739132354.1673825
0.4659,0.4964,-0.4163,0.6027,2.0,35.5660340702338,10.557510379505516,1739132354.1699862
0.4654,0.5091,-0.4048,0.6003,2.0,36.980419739644304,10.171639792448474,1739132354.1733599
0.4962,0.4803,-0.3812,0.6147,2.0,35.90604031888057,15.676394734085761,1739132354.242943
0.5354,0.4173,-0.3548,0.6429,2.0,33.09604090761064,24.89362457775661,1739132354.2473526
0.5666,0.3414,-0.325,0.6759,2.0,29.692305570489907,35.07218612600991,1739132354.2499638
0.5377,0.2756,-0.3156,0.7316,2.0,28.070066390771217,41.776978146769665,1739132354.2522485
0.5295,0.265,-0.313,0.7426,2.0,28.017863316255358,42.893781181329416,1739132354.2716815
0.5258,0.2928,-0.328,0.7282,2.0,29.17871940830821,39.15065566410982,1739132354.2923555
0.511,0.3407,-0.3602,0.7022,2.0,30.61780529292693,31.872319232108936,1739132354.3124182
0.4952,0.4074,-0.398,0.656,2.0,31.875634114756735,21.882373458080394,1739132354.3852189
0.4692,0.4751,-0.4232,0.6124,2.0,34.103835247996756,12.292169020987359,1739132354.3895802
0.4452,0.5201,-0.4243,0.5927,2.0,37.13594515342504,6.9956342730961865,1739132354.3927786
0.4547,0.5241,-0.4068,0.5942,2.0,38.012809243016875,8.191041483864893,1739132354.3948295
0.4938,0.4822,-0.3808,0.6153,2.0,36.2083939892419,15.497457605601625,1739132354.410592
0.5269,0.4055,-0.3577,0.6558,2.0,33.05911606526249,25.85149147414114,1739132354.4314516
0.5273,0.3348,-0.3398,0.7031,2.0,30.962055878470863,34.33616009595863,1739132354.5039887
0.512,0.2863,-0.3265,0.7411,2.0,29.8628166337692,39.84445228110383,1739132354.5096676
0.512,0.3036,-0.3334,0.7311,2.0,30.572744750439597,37.71312001367119,1739132354.5127704
0.5081,0.3417,-0.3544,0.7067,2.0,31.494879112168235,32.33543868405812,1739132354.5148888
0.5,0.3865,-0.3792,0.6759,2.0,32.30918695478999,25.752279962076585,1739132354.5345256
0.4843,0.4221,-0.4008,0.6533,2.0,33.18799029304785,20.123141866264035,1739132354.554388
0.4742,0.4428,-0.4121,0.6397,2.0,33.76296588642077,16.875802731859466,1739132354.5747712
0.4771,0.4452,-0.4145,0.6343,2.0,33.35117286476776,16.386956101075782,1739132354.5946426
0.4932,0.4301,-0.4124,0.6339,2.0,31.574482379116603,18.16730981361431,1739132354.6152956
0.514,0.4041,-0.4091,0.6365,2.0,28.980720274057177,21.1148611263863,1739132354.632416
0.5308,0.3804,-0.4059,0.6393,2.0,26.69555767821373,23.720185443764166,1739132354.6525154
0.5468,0.3688,-0.4023,0.6349,2.0,25.031407742077192,25.165151637852716,1739132354.6735125
0.5579,0.3641,-0.4035,0.6272,2.0,23.663582227156496,25.4749430109444,1739132354.6935966
0.563,0.3625,-0.4085,0.6202,2.0,22.60865127292419,25.113345160433994,1739132354.7141366
0.564,0.3641,-0.4128,0.6155,2.0,22.168505246765278,24.526563791862827,1739132354.7346053
0.5635,0.3668,-0.4156,0.6125,2.0,22.072211016315123,23.991698667964243,1739132354.7555828
0.5642,0.3663,-0.4195,0.6096,2.0,21.597165569807828,23.631232988249963,1739132354.775809
0.5681,0.3611,-0.4261,0.6044,2.0,20.308318742519276,23.410070648248364,1739132354.7955294
0.5748,0.3527,-0.4347,0.5969,2.0,18.39049861219263,23.235387158811506,1739132354.8167899
0.583,0.3431,-0.4438,0.5877,2.0,16.19279609889344,23.07438527345559,1739132354.836717
0.5929,0.3338,-0.4529,0.5762,2.0,13.828177058851622,22.842750837248076,1739132354.8532724
0.6048,0.3253,-0.462,0.5612,2.0,11.263712155166843,22.508894925927905,1739132354.8746157
0.6173,0.3177,-0.4709,0.5443,3.0,8.665502405540565,22.08952027894216,1739132354.8948174
0.6301,0.3087,-0.48,0.5266,3.0,5.888256697610927,21.720006001311788,1739132354.914793
0.6428,0.2959,-0.4913,0.5078,3.0,2.623084262595569,21.325383167613694,1739132354.9356625
0.6561,0.2801,-0.5052,0.4856,3.0,-1.2329285198752586,20.7474687700319,1739132354.9562194
0.6669,0.2652,-0.5185,0.4648,3.0,-4.781263340916098,20.08154600404933,1739132354.9764955
0.6732,0.256,-0.5275,0.4506,3.0,-7.0610242678291115,19.522636969225147,1739132354.9967043
0.6759,0.254,-0.532,0.4423,3.0,-8.022645256143363,19.071398671142788,1739132355.0175047
0.6776,0.2548,-0.5374,0.4327,3.0,-8.816060150591,18.328091272151738,1739132355.0367472
0.6772,0.2575,-0.5442,0.423,3.0,-9.432338382263424,17.285105210081667,1739132355.0546236
0.6774,0.2576,-0.5511,0.4135,3.0,-10.291135352035269,16.380944344333585,1739132355.074973
0.6777,0.2551,-0.5555,0.4088,3.0,-10.979795408152313,15.954206891996478,1739132355.0958643
0.6789,0.2515,-0.5554,0.4091,3.0,-11.30955307568371,16.184170974875087,1739132355.1156032
0.6829,0.2473,-0.5499,0.4125,3.0,-11.396657658137798,17.154743683527897,1739132355.1358905
0.6887,0.2427,-0.5392,0.4196,3.0,-11.159205970604262,18.818889177374075,1739132355.1566477
0.6965,0.2336,-0.5251,0.4297,3.0,-11.089786793794588,21.157896994966734,1739132355.176672
0.7072,0.2195,-0.5078,0.4404,3.0,-11.455878307160106,24.141332345755472,1739132355.1973195
0.7197,0.2008,-0.4873,0.452,3.0,-12.219333184138065,27.70459221351578,1739132355.2185955
0.7322,0.1774,-0.4644,0.4655,3.0,-13.39154741096047,31.698495067001488,1739132355.288284
0.7438,0.153,-0.4392,0.48,3.0,-14.702807358592253,35.88746482922173,1739132355.290433
0.7556,0.1309,-0.4132,0.4911,3.0,-16.14497811736564,39.94656043210824,1739132355.2925355
0.764,0.1135,-0.3903,0.5011,3.0,-17.269689360620333,43.351624347941794,1739132355.295727
0.7578,0.1053,-0.3813,0.519,3.0,-16.900286131857087,44.71309120775055,1739132355.3161402
0.7497,0.1185,-0.3975,0.5156,3.0,-15.626751530556334,42.30732667764991,1739132355.3368456
0.7369,0.1491,-0.4416,0.4896,3.0,-14.487906632851377,35.756887592014266,1739132355.3567882
0.7164,0.1931,-0.5036,0.4425,3.0,-14.063458305804033,26.04008823012913,1739132355.428269
0.6873,0.2363,-0.5595,0.3984,3.0,-13.74921351486239,16.521647706521208,1739132355.4314575
0.6655,0.264,-0.5757,0.3948,3.0,-11.431785077903726,12.724496019495916,1739132355.4348605
0.6697,0.2771,-0.5522,0.4122,3.0,-8.484419539267037,15.001804390340624,1739132355.4383092
0.6902,0.2693,-0.5129,0.4336,3.0,-6.904800198350927,20.515829366439675,1739132355.5112004
0.7215,0.2396,-0.4702,0.4483,3.0,-7.888128351541269,27.613618148522107,1739132355.5154552
0.7488,0.1901,-0.437,0.4608,3.0,-11.627599566494439,34.39410842896052,1739132355.5181565
0.7558,0.1394,-0.4265,0.4769,3.0,-16.39350388487418,37.997111594585846,1739132355.520208
0.751,0.13,-0.4421,0.4728,3.0,-18.165760292855197,36.440310089436906,1739132355.5368063
0.739,0.1603,-0.4744,0.4507,3.0,-16.69645101885959,31.218746540831717,1739132355.5576046
0.7119,0.2015,-0.5185,0.4286,3.0,-14.457441308944993,23.721511602568995,1739132355.579357
0.6738,0.2435,-0.572,0.3994,3.0,-13.027612648517334,14.441452779574547,1739132355.6516128
0.6344,0.2823,-0.618,0.3687,3.0,-12.029699114113697,5.720759554322967,1739132355.6560924
0.6174,0.3116,-0.6237,0.3642,3.0,-9.661956646398835,2.911757233904922,1739132355.6607525
0.6296,0.3192,-0.5986,0.3785,3.0,-7.662933426999416,5.883083608579739,1739132355.6628027
0.6631,0.3045,-0.5594,0.3931,3.0,-7.523394803416181,12.196357471590261,1739132355.6805649
0.7066,0.269,-0.5142,0.405,3.0,-9.308780668718555,20.37217192654876,1739132355.750379
0.7408,0.2156,-0.4731,0.4254,3.0,-12.378762600317316,28.664765238118036,1739132355.754533
0.7474,0.1577,-0.4503,0.4623,3.0,-15.705252857544139,34.32434455210873,1739132355.758167
0.7424,0.1401,-0.4513,0.4749,3.0,-16.89212206395007,34.9190120919414,1739132355.760384
0.7325,0.1647,-0.4719,0.4622,3.0,-15.2534531624448,31.342552778287597,1739132355.7808013
0.7089,0.2029,-0.5066,0.4468,3.0,-12.695845408664695,25.170490584282646,1739132355.8006184
0.6752,0.2518,-0.5534,0.4177,3.0,-10.53665977769333,16.428943884496505,1739132355.871677
0.631,0.2972,-0.6016,0.3892,3.0,-8.78835356268678,7.029087113487179,1739132355.8760464
0.6042,0.3339,-0.6176,0.3768,3.0,-6.398120669139757,2.1296659870899077,1739132355.8796399
0.6117,0.3427,-0.6,0.3853,3.0,-4.804958801117863,3.9036741950700673,1739132355.8829982
0.6492,0.3234,-0.5614,0.3986,3.0,-5.250814956996635,10.55243969630655,1739132355.9539344
0.6931,0.2787,-0.5155,0.4197,3.0,-7.150661198921853,19.569331578123524,1739132355.9581494
0.7285,0.2244,-0.4694,0.4457,3.0,-9.735724332329113,28.61520931647425,1739132355.9612741
0.735,0.1702,-0.4421,0.485,3.0,-12.269566267993753,34.76694582453558,1739132355.9633298
0.7281,0.1543,-0.4437,0.4993,3.0,-13.128519792094892,35.27838056109863,1739132355.9804323
0.7181,0.1798,-0.4714,0.4794,3.0,-12.14011207017262,30.717831682442778,1739132356.0003042
0.6963,0.2266,-0.516,0.4445,3.0,-10.483030752084886,22.712763683957547,1739132356.0733192
0.6616,0.2792,-0.5676,0.4029,3.0,-9.211813602637733,12.839275184198272,1739132356.0783432
0.6369,0.3115,-0.5891,0.3876,3.0,-7.552473925025225,7.740908656616426,1739132356.081592
0.6439,0.3155,-0.5748,0.3942,3.0,-6.5076470657101595,9.37395706574452,1739132356.0837007
0.6732,0.29,-0.5427,0.4102,3.0,-7.271050939580277,15.366354131720783,1739132356.1025252
0.7017,0.2437,-0.5094,0.4344,3.0,-9.41763919278256,22.55674917802901,1739132356.1235363
0.7208,0.2065,-0.4847,0.4505,3.0,-11.663524602764767,27.730495565884212,1739132356.1430666
0.7315,0.1902,-0.4746,0.4511,3.0,-13.244603434760336,29.818025030706252,1739132356.211044
0.7308,0.1936,-0.4796,0.4456,3.0,-13.389807524754474,29.02675704025077,1739132356.2166271
0.7253,0.2081,-0.4898,0.4368,3.0,-12.667879909006444,27.01219341267509,1739132356.2203834
0.7177,0.2216,-0.4998,0.4314,3.0,-11.823758673747705,25.03154124973574,1739132356.222419
0.7111,0.2291,-0.5068,0.4301,3.0,-11.252121562758816,23.734767717021015,1739132356.2417727
0.7073,0.2313,-0.5103,0.4312,3.0,-10.993423216833321,23.16720128453386,1739132356.262616
0.7057,0.2318,-0.5125,0.4308,3.0,-11.005502032568074,22.86291790860696,1739132356.282425
0.7064,0.2308,-0.5143,0.428,3.0,-11.364592734687506,22.692742576133384,1739132356.303119
0.7097,0.2267,-0.515,0.4239,3.0,-12.136233241620516,22.834613134189027,1739132356.3240058
0.7159,0.2182,-0.514,0.4191,3.0,-13.397379886377763,23.42865892249742,1739132356.3443437
0.724,0.2062,-0.5118,0.4139,3.0,-15.044634824517658,24.34096958441293,1739132356.3604333
0.733,0.1926,-0.5093,0.4076,3.0,-16.952609951186247,25.33843983501447,1739132356.3815327
0.7418,0.1796,-0.5085,0.3987,3.0,-19.03471217410825,26.047326000691868,1739132356.4017591
0.7497,0.1674,-0.5104,0.3867,3.0,-21.301368174805987,26.336582536341496,1739132356.422713
0.7569,0.1558,-0.5137,0.3727,3.0,-23.656891256533385,26.38570098022433,1739132356.442397
0.7629,0.1448,-0.517,0.36,3.0,-25.836480025749438,26.375137424575996,1739132356.4635236
0.7675,0.1351,-0.5201,0.3495,3.0,-27.7001654856669,26.31051732072234,1739132356.4837797
0.7713,0.127,-0.5233,0.3392,3.0,-29.36449526174647,26.157355969673205,1739132356.5034964
0.7746,0.1193,-0.5275,0.3279,3.0,-31.05732106660784,25.838722946612137,1739132356.5246308
0.7778,0.1104,-0.5317,0.3163,3.0,-32.8851086566755,25.537792920625122,1739132356.5443556
0.7823,0.0997,-0.5343,0.3041,3.0,-34.93252440143746,25.472404595524836,1739132356.5613875
0.7871,0.0887,-0.5347,0.2944,3.0,-36.818450015150916,25.6778788041876,1739132356.581649
0.7921,0.0776,-0.5339,0.2856,3.0,-38.64761215345038,26.01667625895459,1739132356.6025422
0.7968,0.0667,-0.5325,0.2776,3.0,-40.397101943888885,26.405571425338252,1739132356.6234517
0.801,0.0571,-0.531,0.2704,3.0,-41.953541099541525,26.75859253998979,1739132356.6428869
0.8045,0.0488,-0.5303,0.263,3.0,-43.383805485559236,26.963798137023986,1739132356.6643677
0.807,0.0428,-0.5302,0.2566,3.0,-44.49055398095075,27.046424919876074,1739132356.6844451
0.8091,0.0382,-0.5307,0.2496,3.0,-45.48310149599652,27.026218877907155,1739132356.704478
0.8109,0.034,-0.532,0.2414,3.0,-46.509957692684594,26.889661247282646,1739132356.724627
0.8125,0.0286,-0.5336,0.233,3.0,-47.67541582138432,26.716460437749134,1739132356.7455866
0.8138,0.0217,-0.5357,0.224,3.0,-49.03536985364255,26.477428331644376,1739132356.7656941
0.8151,0.0148,-0.5381,0.2143,3.0,-50.438802978805484,26.180447603706455,1739132356.78239
0.816,0.0087,-0.5401,0.206,3.0,-51.65350808751265,25.92658378764682,1739132356.8033748
0.8172,0.0027,-0.5416,0.1971,3.0,-52.89890964302174,25.731978347282336,1739132356.824293
0.8177,0.0004,-0.543,0.1909,3.0,-53.56159768309638,25.54309998116912,1739132356.844518
0.8185,-0.0012,-0.5433,0.1866,3.0,-54.028558578747635,25.501799304576764,1739132356.864379
0.8196,-0.0018,-0.5424,0.1846,3.0,-54.2418082686014,25.62309490302229,1739132356.884592
0.8209,-0.0025,-0.54,0.1854,3.0,-54.28323747383857,25.95231409023225,1739132356.9057841
0.824,-0.0042,-0.5345,0.1881,3.0,-54.335951209272736,26.694903986077094,1739132356.92565
0.8296,-0.0065,-0.524,0.1927,3.0,-54.37857979374226,28.11105180810071,1739132356.9465683
0.8381,-0.0113,-0.5082,0.1977,3.0,-54.74557014892338,30.215216450110148,1739132356.9667153
0.8487,-0.0201,-0.4879,0.2033,3.0,-55.63280818951455,32.85731983194654,1739132356.9871595
0.8593,-0.0343,-0.4647,0.2111,3.0,-57.16385706003197,35.77149714148817,1739132357.0562196
0.8697,-0.0519,-0.4395,0.2187,3.0,-59.364217558893785,38.78324215380124,1739132357.060404
0.8807,-0.0676,-0.4134,0.2212,3.0,-61.9326335768192,41.788510138993104,1739132357.0624394
0.8835,-0.076,-0.3978,0.2351,3.0,-62.65961650574715,43.538866592622355,1739132357.0655503
0.8781,-0.0606,-0.4119,0.2357,3.0,-60.08899397392085,42.112365208257444,1739132357.0854864
0.8643,-0.0274,-0.4534,0.2162,3.0,-56.15896030867353,37.28637701828052,1739132357.105807
0.8365,0.0011,-0.5097,0.2011,3.0,-53.10329051708379,30.03082989979123,1739132357.1267502
0.8011,0.0178,-0.5689,0.185,3.0,-51.94908534753938,21.932965334742846,1739132357.2003095
0.776,0.0254,-0.6074,0.1683,3.0,-52.11324125325186,16.437171951496794,1739132357.2048159
0.7795,0.0226,-0.6028,0.1691,3.0,-52.357834026635544,17.11484184794864,1739132357.2081256
0.8077,0.0139,-0.5637,0.1725,3.0,-53.276640115873306,22.66904030811122,1739132357.2628314
0.8416,-0.0074,-0.5084,0.1819,3.0,-55.382527163718976,30.19796068388183,1739132357.2671804
0.8698,-0.0323,-0.4569,0.1835,3.0,-58.875532011195105,36.79629962855887,1739132357.2692792
0.8851,-0.0626,-0.4219,0.1863,3.0,-63.29808414915692,40.82400878472467,1739132357.2725217
0.89,-0.0877,-0.4065,0.1868,3.0,-67.06570731047543,42.17335024195597,1739132357.2869313
0.8875,-0.0919,-0.4135,0.1818,3.0,-67.6983609634666,41.19305026894173,1739132357.3067129
0.8799,-0.073,-0.4373,0.171,3.0,-65.22409836961222,38.681946483532926,1739132357.3267126
0.8654,-0.045,-0.4717,0.1627,3.0,-61.54656192580265,34.75172072912224,1739132357.3474329
0.8405,-0.0208,-0.5181,0.1573,3.0,-58.44338497805904,28.851770723931168,1739132357.3681355
0.8088,0.0001,-0.5688,0.1492,3.0,-56.28272118608845,21.985676258154598,1739132357.3883321
0.7892,0.0258,-0.5959,0.1461,3.0,-53.777474481660875,18.08554513924986,1739132357.409465
0.7952,0.0495,-0.5829,0.1593,3.0,-50.56282394544388,19.713232978023143,1739132357.4254327
0.8192,0.0587,-0.5435,0.1735,3.0,-48.622351905980906,25.04129368741681,1739132357.4983416
0.8512,0.0507,-0.4904,0.1801,3.0,-48.8954845154594,32.239775442410064,1739132357.5037794
0.8785,0.0239,-0.4389,0.187,3.0,-51.61098058900282,39.16890589621852,1739132357.5068886
0.8898,-0.012,-0.4094,0.2015,2.0,-55.663891932869404,42.96010663083524,1739132357.5105515
0.8856,-0.0269,-0.418,0.2008,2.0,-57.65165141072055,41.7913625711748,1739132357.5283318
0.8709,-0.0165,-0.4526,0.1908,2.0,-56.47521258163283,37.458459628182936,1739132357.5483007
0.848,0.0,-0.4963,0.1862,2.0,-54.360477584204205,31.80569117534813,1739132357.5685265
0.8167,0.0103,-0.5477,0.1816,2.0,-53.13108498677451,24.885298009383973,1739132357.5890026
0.781,0.0131,-0.6008,0.1702,2.0,-53.20158970493955,17.44254189344221,1739132357.609179
0.7675,0.0238,-0.6207,0.1582,2.0,-52.90192725462114,14.51780249091621,1739132357.629487
0.7878,0.0317,-0.5942,0.159,2.0,-52.28031489954472,18.286642867269705,1739132357.65028
0.8201,0.0263,-0.5483,0.1614,2.0,-52.86470310360113,24.731766091044307,1739132357.7188525
0.8519,0.0087,-0.4971,0.1642,2.0,-54.83231099709093,31.69348116812776,1739132357.722017
0.8759,-0.0178,-0.4516,0.1693,2.0,-58.06224053987404,37.57825915114552,1739132357.7251685
0.8858,-0.0436,-0.4247,0.1819,2.0,-61.00175405570093,40.7721256464406,1739132357.729606
0.8829,-0.0455,-0.4296,0.184,2.0,-61.01831617251915,40.1288066032414,1739132357.749226
0.8708,-0.0288,-0.4551,0.1835,2.0,-58.46610135539842,37.05979097936725,1739132357.7703526
0.8496,-0.0099,-0.4938,0.1851,2.0,-55.60243048743581,32.123485090908446,1739132357.7906873
0.8163,0.0028,-0.5495,0.1782,2.0,-54.13814894074537,24.650881887027168,1739132357.8103018
0.7759,0.0128,-0.6102,0.1594,2.0,-53.93373742565049,16.091536411205198,1739132357.883209
0.7537,0.0312,-0.6398,0.1473,2.0,-52.89459793023761,11.650281306651067,1739132357.8875225
0.7648,0.0428,-0.624,0.1546,2.0,-51.39291550520201,13.885084252227898,1739132357.890122
0.7971,0.0385,-0.5808,0.1608,2.0,-51.54694564949901,20.124511961859383,1739132357.8932278
0.8354,0.0215,-0.5254,0.1601,2.0,-53.55249667968377,27.86808078690632,1739132357.9606178
0.8666,-0.0055,-0.472,0.1617,2.0,-56.84295531228602,34.986349074881446,1739132357.9636598
0.8846,-0.038,-0.4302,0.176,2.0,-60.539961734243974,40.144791984368595,1739132357.9658105
0.8887,-0.0571,-0.4134,0.19,2.0,-62.54089670004697,41.98575056490782,1739132357.9706993
0.8832,-0.05,-0.4251,0.1918,2.0,-61.200582009891065,40.63224117979169,1739132357.9907405
0.8698,-0.0286,-0.454,0.1913,2.0,-57.94541185431828,37.19978179412823,1739132358.0115333
0.8448,-0.0056,-0.4998,0.1907,2.0,-54.666235462208334,31.342391803839007,1739132358.0316558
0.8051,0.0165,-0.5657,0.1777,2.0,-52.627350236955095,22.3821760966851,1739132358.104036
0.7538,0.0336,-0.6369,0.1583,2.0,-51.86489858843643,12.063987139766368,1739132358.109409
0.7162,0.0436,-0.6803,0.1496,2.0,-51.27934248221794,5.365467521972391,1739132358.1115127
0.7207,0.0497,-0.6774,0.1386,2.0,-51.662669472819175,5.752781382985887,1739132358.113461
0.7603,0.0438,-0.6346,0.1313,2.0,-52.998355962233404,12.31411390445632,1739132358.1296766
0.8085,0.0179,-0.5703,0.144,2.0,-54.84802567267997,21.737103229797384,1739132358.201658
0.8429,-0.027,-0.5023,0.1913,2.0,-57.03460650036715,30.915669989000975,1739132358.2049603
0.8579,-0.0604,-0.45,0.2405,2.0,-58.729289846713044,37.31272873285383,1739132358.2071013
0.8563,-0.0747,-0.4313,0.2744,2.0,-58.80271514442808,39.398545202243895,1739132358.2119234
0.8502,-0.0586,-0.4515,0.2645,2.0,-56.85866111007016,37.149895211771195,1739132358.232481
0.8325,-0.031,-0.4977,0.2412,2.0,-54.15096954466526,31.49646639358258,1739132358.2528389
0.8007,0.0068,-0.5645,0.2007,2.0,-51.98294271309274,22.575808626128463,1739132358.32567
0.7473,0.0245,-0.6369,0.188,2.0,-50.42074915427395,12.125665515697449,1739132358.329347
0.7135,0.0425,-0.6782,0.171,2.0,-49.68138279777412,5.703925684142462,1739132358.333607
0.7333,0.05,-0.6597,0.1563,2.0,-50.378105254616,8.476226086337391,1739132358.3368363
0.7866,0.035,-0.5967,0.155,2.0,-52.24044977943473,17.90332595875492,1739132358.3514414
0.8403,-0.0027,-0.5117,0.179,2.0,-55.021656532481586,29.763136058240036,1739132358.4245994
0.8645,-0.0504,-0.4354,0.246,2.0,-57.4635121883332,39.32649143429461,1739132358.428401
0.8734,-0.0572,-0.4081,0.2596,2.0,-58.16990403599627,42.6452637555424,1739132358.4316182
0.8688,-0.0466,-0.4265,0.2474,2.0,-57.0853130178638,40.503480427550215,1739132358.4337833
0.8566,-0.0211,-0.4667,0.2188,2.0,-55.0047347845169,35.6176589970143,1739132358.4537215
0.8398,0.0064,-0.5058,0.1969,1.0,-52.82449672675003,30.54535811292618,1739132358.473676
0.8257,0.0247,-0.5305,0.1904,1.0,-51.09394810575844,27.160840010236853,1739132358.494688
0.8202,0.0324,-0.5374,0.1936,1.0,-50.01348400128339,26.171007673033216,1739132358.5115469
0.8231,0.0336,-0.5305,0.1999,1.0,-49.46992055410277,27.095734719559772,1739132358.5318382
0.8306,0.0339,-0.5168,0.2049,1.0,-49.13413213175892,28.93196531916044,1739132358.5517724
0.838,0.0337,-0.5028,0.2095,1.0,-48.87395461044417,30.796450908856826,1739132358.5736232
0.8415,0.0331,-0.494,0.2161,1.0,-48.5088493001804,31.965255940461986,1739132358.5946007
0.8401,0.0355,-0.4926,0.2241,1.0,-47.686621756663925,32.128258931094365,1739132358.6135972
0.8341,0.0423,-0.4989,0.2314,1.0,-46.39304152318854,31.227525295600003,1739132358.633797
0.8246,0.0549,-0.5106,0.2374,1.0,-44.54683566641944,29.51713374143094,1739132358.6547766
0.8132,0.0707,-0.5231,0.2451,1.0,-42.27457374459354,27.596737607678676,1739132358.6744983
0.801,0.0839,-0.5349,0.2556,1.0,-40.13243975075764,25.75337636935012,1739132358.6955316
0.7902,0.0977,-0.5465,0.2598,2.0,-38.40907041238438,23.87234032364691,1739132358.7155402
0.7816,0.1125,-0.5563,0.2586,2.0,-37.00471031446139,22.15890523137196,1739132358.7326221
0.7751,0.1298,-0.5634,0.2549,2.0,-35.566866339924104,20.67559255079371,1739132358.752959
0.769,0.1502,-0.5677,0.2525,2.0,-33.747631747723574,19.396799799488207,1739132358.7736223
0.7636,0.173,-0.5686,0.2524,2.0,-31.531228564714752,18.387272754298692,1739132358.7935596
0.7593,0.1934,-0.5665,0.2551,2.0,-29.32440241480697,17.779073510542332,1739132358.814829
0.7565,0.2139,-0.5628,0.2553,2.0,-27.28643593499058,17.28092970890353,1739132358.8348427
0.7542,0.2309,-0.559,0.256,2.0,-25.55229584678051,16.886009383599628,1739132358.8546674
0.751,0.2417,-0.556,0.2616,3.0,-24.04447524432419,16.67871672286668,1739132358.8757842
0.7486,0.2499,-0.5521,0.269,3.0,-22.626240522156905,16.712810267738377,1739132358.8954735
0.7463,0.2515,-0.5466,0.2843,3.0,-21.182587527158972,17.339170193213334,1739132358.9156225
0.7415,0.2431,-0.5417,0.3124,3.0,-19.72937836942222,18.471928679117866,1739132358.9368587
0.7302,0.2289,-0.5399,0.3506,3.0,-18.121694137798414,19.51158576358239,1739132358.9571455
0.7201,0.2214,-0.537,0.3796,3.0,-16.542892528584133,20.29708827852633,1739132358.9739966
0.7124,0.2175,-0.5344,0.3996,3.0,-15.309468915713893,20.84220759577309,1739132358.993984
0.7046,0.2133,-0.5334,0.4165,3.0,-14.360847173213386,21.19427369732557,1739132359.0146048
0.6983,0.2115,-0.5326,0.4289,3.0,-13.527751703338879,21.39111076714488,1739132359.0355525
0.6926,0.2111,-0.5307,0.4407,3.0,-12.58467621396511,21.65644994519431,1739132359.0558822
0.6893,0.2125,-0.5261,0.4504,3.0,-11.58887840677562,22.18154474379591,1739132359.075872
0.689,0.2146,-0.5195,0.4576,3.0,-10.70952478167436,22.917960333078753,1739132359.0965812
0.6887,0.2148,-0.5128,0.4655,3.0,-9.961817702879785,23.761567817828023,1739132359.1175134
0.689,0.2144,-0.5034,0.4752,3.0,-9.081508226769017,24.975309438094797,1739132359.1367507
0.6916,0.2075,-0.4897,0.4887,3.0,-8.535039628141533,27.057357578005508,1739132359.1568804
0.6987,0.1931,-0.4707,0.5029,3.0,-8.694260473796987,30.155455301684157,1739132359.1745582
0.7087,0.1755,-0.4492,0.515,3.0,-9.399121183166244,33.650078223205554,1739132359.1955261
0.7213,0.1541,-0.4262,0.5237,3.0,-10.884825185189015,37.420617131368545,1739132359.2682455
0.7314,0.1306,-0.4046,0.5331,3.0,-12.767825444646462,40.99884991920783,1739132359.2727337
0.7335,0.1071,-0.3875,0.5481,3.0,-14.526052025948701,43.90704936832705,1739132359.2758586
0.7322,0.0919,-0.3767,0.5599,3.0,-15.630095761812385,45.690073065240426,1739132359.2769547
0.7288,0.0872,-0.3751,0.5662,3.0,-15.814115801966523,46.01738191979783,1739132359.2967248
0.7227,0.0947,-0.3867,0.5651,3.0,-14.961314703597026,44.39356764713227,1739132359.3181267
0.7127,0.1159,-0.4156,0.553,3.0,-13.353600507321602,40.1995130638567,1739132359.3382795
0.697,0.15,-0.4576,0.5313,3.0,-11.278621642838118,33.74403841219893,1739132359.3584535
0.678,0.1902,-0.4903,0.5135,3.0,-8.402772982146473,27.861569592816124,1739132359.3793604
0.6755,0.2207,-0.4878,0.5071,3.0,-5.505143426238817,26.573889711464346,1739132359.3953798
0.6836,0.2161,-0.4598,0.524,3.0,-4.100528740860284,30.250057850112313,1739132359.4692829
0.7037,0.1891,-0.417,0.5432,3.0,-4.686220794946422,36.819857795140535,1739132359.4737437
0.7144,0.1401,-0.3756,0.5735,3.0,-7.532511419983678,44.052449155526205,1739132359.4768195
0.6884,0.0884,-0.3602,0.6233,3.0,-10.797008445117626,47.77800453843929,1739132359.4794407
0.6743,0.0825,-0.3828,0.6261,3.0,-11.705215778933677,45.210935598670744,1739132359.4975696
0.6754,0.1274,-0.4347,0.582,3.0,-9.658259094217726,37.44609332016918,1739132359.5193205
0.6578,0.1912,-0.5034,0.5266,3.0,-7.268129660019923,26.157025949337196,1739132359.5909922
0.6238,0.2516,-0.5707,0.4709,3.0,-5.905061343510397,14.145858825712281,1739132359.594261
0.6072,0.2939,-0.5889,0.4451,3.0,-3.9796758928910094,8.998204846700048,1739132359.5974936
0.6191,0.3012,-0.5633,0.4569,3.0,-2.183424149469772,11.917090529595896,1739132359.5996835
0.6505,0.2829,-0.5189,0.477,3.0,-1.8939108629436419,18.86152763090982,1739132359.6168187
0.6931,0.2511,-0.4686,0.4869,3.0,-3.4721070974931934,27.08450808180467,1739132359.6380954
0.7159,0.2068,-0.4321,0.5079,3.0,-5.815198866116418,34.07391144710871,1739132359.7095723
0.7369,0.1744,-0.4047,0.5126,3.0,-8.608597366155266,39.02421088695266,1739132359.713825
0.7451,0.1464,-0.3883,0.5221,3.0,-11.06747855464863,42.28231759077755,1739132359.7168732
0.7393,0.1351,-0.389,0.5329,3.0,-11.807835783670072,42.68115966186721,1739132359.7194633
0.7299,0.1488,-0.4072,0.5284,3.0,-10.769170847749649,39.93533785709053,1739132359.7395468
0.7103,0.1782,-0.446,0.5146,3.0,-9.042760201666255,33.9102962937329,1739132359.7603776
0.6821,0.2196,-0.5037,0.4825,3.0,-7.914146969999848,24.654221388729326,1739132359.833023
0.6454,0.2617,-0.561,0.4474,3.0,-7.005964307754226,14.827246762814099,1739132359.8384156
0.6271,0.2979,-0.5754,0.4324,3.0,-4.785715524994316,10.544438025609367,1739132359.8411286
0.6379,0.3008,-0.5503,0.4471,3.0,-3.056828308563354,13.637357959759441,1739132359.843286
0.6777,0.2758,-0.4982,0.4652,3.0,-3.3088499938864686,21.895551758949495,1739132359.8592737
0.7274,0.2303,-0.4353,0.4779,3.0,-5.558333323818715,32.31200924511131,1739132359.9317966
0.7432,0.165,-0.3887,0.519,3.0,-8.816052418550328,41.36175340503925,1739132359.9358778
0.7302,0.1161,-0.3727,0.5607,3.0,-11.922685565215488,45.36446246115014,1739132359.939479
0.7261,0.1187,-0.3926,0.5519,3.0,-12.684315465334748,42.88877057990885,1739132359.9416683
0.7165,0.1566,-0.4357,0.5218,3.0,-10.910716057795838,36.157886366001605,1739132359.9612923
0.6885,0.2046,-0.4943,0.4896,3.0,-8.842061082915052,26.635350719766848,1739132360.0333247
0.6391,0.2423,-0.5656,0.4614,3.0,-7.727156918930689,15.369067437109607,1739132360.0366378
0.6027,0.2804,-0.6129,0.4273,3.0,-6.8249977548993,6.565223174972687,1739132360.0392933
0.595,0.2889,-0.6182,0.4247,3.0,-6.178313084509114,5.259176942556849,1739132360.042481
0.631,0.2783,-0.5792,0.4346,3.0,-6.523808010646292,11.347865307184463,1739132360.0594718
0.6762,0.2394,-0.5225,0.4609,3.0,-7.8498403352181185,21.156316266991354,1739132360.0804558
0.7018,0.185,-0.4681,0.5041,3.0,-9.490504268247435,30.8771482545219,1739132360.1004093
0.7175,0.1484,-0.4224,0.5337,3.0,-10.743925656530138,38.12297397198449,1739132360.1716557
0.7388,0.1304,-0.3846,0.5378,3.0,-11.963015750168665,43.39780391562016,1739132360.1759984
0.7372,0.1147,-0.3683,0.5546,3.0,-12.492126550159185,45.94048544212856,1739132360.1795769
0.7245,0.1196,-0.3829,0.5604,3.0,-11.676422799455992,44.02103472383712,1739132360.1818023
0.7064,0.1483,-0.4279,0.5439,3.0,-10.034743707917528,37.46361030735744,1739132360.2031887
0.6799,0.1898,-0.4945,0.5071,3.0,-9.029558557776738,27.35183858591313,1739132360.2750452
0.6494,0.2317,-0.5563,0.4638,3.0,-8.598534071454026,17.202361561232948,1739132360.2798185
0.6346,0.2708,-0.576,0.4384,3.0,-6.926815012160745,12.25809804304285,1739132360.2819421
0.6345,0.279,-0.5606,0.4531,3.0,-4.755189587316124,13.77904238491837,1739132360.2839692
0.6509,0.2681,-0.5297,0.4731,3.0,-3.8879552336016445,18.48111934038269,1739132360.3007424
0.6779,0.2459,-0.4957,0.484,3.0,-4.834555847459313,24.12540223131515,1739132360.3216927
0.6971,0.2181,-0.4706,0.495,3.0,-6.501309777019742,28.830198730828215,1739132360.3934262
0.7056,0.1984,-0.4555,0.5052,3.0,-7.606274252022871,31.737795652573197,1739132360.3982515
0.7074,0.1929,-0.4476,0.5119,3.0,-7.539488017875954,32.978646854350615,1739132360.4025645
0.7043,0.1988,-0.4449,0.5161,3.0,-6.434219212598435,32.994580894795405,1739132360.4046657
0.6995,0.2098,-0.4456,0.5178,3.0,-5.02198688356674,32.30567767991582,1739132360.4235497
0.6932,0.2228,-0.4477,0.5191,3.0,-3.459689168257853,31.307141408468738,1739132360.4444435
0.6851,0.2354,-0.4494,0.5228,3.0,-1.7514551390069641,30.346317221183938,1739132360.4639375
0.6765,0.2481,-0.4485,0.5289,3.0,0.22462015635196053,29.649208251820994,1739132360.4812212
0.6672,0.2608,-0.4443,0.5378,3.0,2.5385774635086022,29.301244093524105,1739132360.5015213
0.6573,0.2726,-0.4373,0.5499,3.0,5.109507690705698,29.282522939849656,1739132360.5223913
0.6451,0.2833,-0.4289,0.5654,3.0,7.934193546055894,29.453817467243766,1739132360.542343
0.6324,0.2949,-0.4188,0.5811,3.0,10.986075185445543,29.696375839119327,1739132360.562435
0.6191,0.3064,-0.4081,0.5969,3.0,14.10848692652047,29.947857254319757,1739132360.5835228
0.6049,0.3157,-0.3985,0.6129,3.0,17.018688480852262,30.203475186125956,1739132360.6035998
0.5921,0.3232,-0.3918,0.6256,3.0,19.35075227655335,30.270928083484534,1739132360.6246634
0.5808,0.3314,-0.3893,0.6334,3.0,21.14265389707586,29.824965573441602,1739132360.6447525
0.57,0.3408,-0.3901,0.6378,3.0,22.609422647881445,28.921784677712594,1739132360.6647725
0.5586,0.3508,-0.3904,0.6423,3.0,24.1840179121902,28.000318702535708,1739132360.6855838
0.5468,0.3615,-0.3863,0.6489,3.0,26.236456759602277,27.434000416394895,1739132360.7027602
0.5352,0.3712,-0.3788,0.6575,3.0,28.529402105089645,27.25859702375857,1739132360.7225559
0.5254,0.3776,-0.3707,0.6664,3.0,30.53082145082695,27.419913495249318,1739132360.742853
0.5193,0.3812,-0.3625,0.6735,3.0,32.06177577167506,27.841494711102598,1739132360.7649508
0.517,0.3825,-0.3542,0.679,3.0,33.16906923860523,28.476376039389322,1739132360.7838085
0.5178,0.3801,-0.3473,0.6832,3.0,33.678512103814455,29.340807623984716,1739132360.8051734
0.5195,0.373,-0.342,0.6885,3.0,33.70193267582721,30.51508940238105,1739132360.8244367
0.5226,0.3617,-0.334,0.696,3.0,33.633895791694584,32.33279706872443,1739132360.8457458
0.5288,0.3455,-0.3213,0.7055,3.0,33.480813767438406,35.01519285095338,1739132360.8655038
0.5371,0.3259,-0.3039,0.7162,3.0,33.38859605009958,38.39401408280412,1739132360.9339476
0.546,0.3057,-0.2845,0.7264,3.0,33.382061554084146,41.948569467874336,1739132360.937295
0.5403,0.2872,-0.2749,0.7416,3.0,33.43328697807766,44.467605806011136,1739132360.9396014
0.5251,0.2827,-0.285,0.7504,3.0,33.04038259730282,43.98367428617564,1739132360.9437354
0.5177,0.3007,-0.312,0.7377,3.0,32.13847423321843,39.961908784219276,1739132360.9645596
0.5031,0.332,-0.3521,0.716,3.0,31.47841068491104,33.43262190177302,1739132360.984462
0.4677,0.3889,-0.4136,0.6776,3.0,31.877756112057398,22.132423582005828,1739132361.0568051
0.4657,0.4117,-0.4193,0.6617,3.0,32.59369191689865,19.339699849732142,1739132361.062827
0.4554,0.4326,-0.4168,0.657,3.0,34.593172168019265,17.476316764774538,1739132361.0669775
0.4644,0.4224,-0.3952,0.6706,3.0,35.4575758936879,20.63524861707981,1739132361.07079
0.5013,0.3837,-0.3578,0.6881,3.0,34.18140930854253,28.029757162315263,1739132361.087399
0.5513,0.2911,-0.3001,0.722,3.0,30.018753822891227,41.88980537029522,1739132361.159971
0.5497,0.2631,-0.287,0.739,3.0,29.124103893177505,45.492501309363774,1739132361.164482
0.5545,0.2299,-0.2637,0.7551,3.0,28.046687121938817,50.361862479253716,1739132361.167611
0.5538,0.224,-0.2559,0.76,3.0,28.372093326185848,51.55424566939439,1739132361.170161
0.5464,0.2452,-0.2724,0.7531,3.0,29.284988548628576,48.31728227073029,1739132361.1858757
0.5305,0.2786,-0.3104,0.7379,3.0,29.451348127106968,42.01769907520588,1739132361.2061305
0.5204,0.2991,-0.3367,0.7254,3.0,29.215330501026557,37.78669435344631,1739132361.226881
0.4976,0.3464,-0.3934,0.6911,3.0,28.865828022295545,28.09340163097957,1739132361.2993886
0.4731,0.4172,-0.4362,0.6418,3.0,30.58427317388066,17.06196721249927,1739132361.3040643
0.4647,0.4345,-0.4316,0.6395,3.0,32.44269238024012,15.787820780479336,1739132361.308505
0.4742,0.4237,-0.4099,0.6539,3.0,33.25458784621986,19.07168404375014,1739132361.3101425
0.5093,0.3882,-0.3726,0.6716,3.0,32.25554132322401,26.212693233245602,1739132361.3283303
0.5314,0.3628,-0.3516,0.6799,3.0,31.142818788151942,30.62807456172021,1739132361.3975224
0.5646,0.2828,-0.3048,0.713,3.0,27.736646423659835,42.18003342643598,1739132361.4027495
0.566,0.2518,-0.2869,0.7307,3.0,26.76601088291534,46.436997888195606,1739132361.405934
0.5577,0.2503,-0.2859,0.7379,3.0,27.375084969061675,46.654050221487466,1739132361.408433
0.5437,0.2744,-0.3046,0.7324,3.0,28.681037726674163,42.91046383920826,1739132361.4290304
0.5197,0.3148,-0.3469,0.7144,3.0,29.443459155633946,35.453457369727346,1739132361.44901
0.4914,0.3701,-0.4011,0.6787,3.0,30.047709464452964,25.165351648489604,1739132361.5189266
0.4634,0.4298,-0.4374,0.6396,3.0,31.829283360115653,15.6732185683218,1739132361.5232105
0.4445,0.4642,-0.4411,0.6264,3.0,34.35706095149692,11.681943335066961,1739132361.5263007
0.4446,0.4655,-0.434,0.6304,3.0,35.06691906478423,12.264489194715395,1739132361.5291567
0.4765,0.4404,-0.4008,0.6468,3.0,34.571335871903585,18.22495389000653,1739132361.5503795
0.552,0.3485,-0.3343,0.6798,3.0,30.36997879960606,33.56532133003432,1739132361.5704985
0.5657,0.2809,-0.3022,0.7139,3.0,27.769702057354806,42.584752675580745,1739132361.6400008
0.5739,0.2449,-0.2738,0.7319,3.0,26.965471279051087,48.21453009332163,1739132361.6451452
0.5745,0.233,-0.255,0.7421,3.0,27.928644150742628,50.90224573891186,1739132361.6474128
0.5619,0.2408,-0.254,0.7495,3.0,29.868276205114398,50.34371724798285,1739132361.649921
0.5446,0.2691,-0.2783,0.744,3.0,31.08871651485933,45.76688823349312,1739132361.6692898
0.521,0.3098,-0.3333,0.7222,3.0,30.3556128161853,37.181310573636665,1739132361.7406747
0.4932,0.3571,-0.407,0.6808,3.0,28.597733822149962,25.754670391149688,1739132361.7440014
0.4724,0.412,-0.4597,0.629,3.0,28.21539514554118,15.080053292057926,1739132361.7472894
0.4637,0.4506,-0.464,0.6056,3.0,29.97510582445733,10.717416565443557,1739132361.7510202
0.4653,0.4432,-0.4481,0.6215,3.0,31.119130749937824,13.180608945759047,1739132361.7747958
0.498,0.4071,-0.4149,0.6435,3.0,29.97561153442615,20.239047473208302,1739132361.7948658
0.5382,0.3527,-0.3795,0.6648,3.0,27.16661955390441,28.90912404032224,1739132361.816809
0.5466,0.3054,-0.3636,0.6898,3.0,24.889916905346155,34.61897719366624,1739132361.8370326
0.5532,0.2922,-0.3558,0.6943,3.0,24.10286922386757,36.490467628034594,1739132361.9102728
0.5505,0.3012,-0.3552,0.6929,3.0,25.085667676870003,35.804602082028765,1739132361.9144459
0.5417,0.3192,-0.3583,0.6902,3.0,26.82588890816902,33.96400493894566,1739132361.9175029
0.5289,0.3336,-0.364,0.6903,3.0,28.301126230992168,32.14343751248913,1739132361.919034
0.5178,0.339,-0.3704,0.6926,3.0,28.938452381656845,31.03960428206011,1739132361.9393106
0.5174,0.3322,-0.3708,0.696,3.0,28.48571903810381,31.60366809821312,1739132361.9604318
0.525,0.3209,-0.3661,0.6981,3.0,27.546377605327223,33.05337867910279,1739132361.9808536
0.534,0.3091,-0.3602,0.6996,3.0,26.535082475528952,34.647826296913735,1739132362.000606
0.5422,0.2994,-0.3533,0.7011,3.0,25.817735309072958,36.14385931810784,1739132362.0215771
0.5505,0.2899,-0.3441,0.7032,3.0,25.313420938500315,37.838609104982424,1739132362.041541
0.56,0.2782,-0.3321,0.7062,3.0,24.79460805814847,39.973046319056465,1739132362.0623572
0.5681,0.2653,-0.319,0.7107,3.0,24.367109611156707,42.29206145592363,1739132362.0869727
0.5745,0.2534,-0.3054,0.7159,3.0,24.19230153729478,44.556073328467505,1739132362.1075647
0.58,0.2428,-0.2913,0.721,3.0,24.25215062685794,46.74665807868058,1739132362.1283739
0.5852,0.2332,-0.278,0.7252,3.0,24.3450881058518,48.76582160101921,1739132362.148566
0.5908,0.2254,-0.2667,0.7274,3.0,24.374166641627824,50.44110364754971,1739132362.169254
0.5962,0.2184,-0.2572,0.7285,3.0,24.294692149972207,51.87871175477096,1739132362.1895921
0.6007,0.2113,-0.2479,0.7301,3.0,24.251928949057913,53.29835382512721,1739132362.210166
0.6036,0.2029,-0.2381,0.7334,3.0,24.236783306024165,54.85791053435014,1739132362.2299514
0.6063,0.1954,-0.2285,0.7362,3.0,24.317178472207104,56.32452746604227,1739132362.2503445
0.6088,0.1885,-0.2106,0.7413,3.0,25.690921871670355,58.48199673587277,1739132362.271442
0.6109,0.1816,-0.197,0.745,3.0,26.574264991160817,60.235528995033604,1739132362.2915485
0.6151,0.1746,-0.1903,0.745,3.0,26.247286473304314,61.38329912367797,1739132362.3123102
0.6204,0.1706,-0.1887,0.7419,3.0,25.46800477143148,61.84349584872689,1739132362.3365571
0.6241,0.168,-0.1874,0.7397,3.0,24.97582842895187,62.16429912622823,1739132362.3526337
0.6292,0.1641,-0.1831,0.7373,3.0,24.646094991742956,62.851632819231014,1739132362.3770754
0.6362,0.1576,-0.1775,0.7341,3.0,23.94328162472283,63.855601558209344,1739132362.3967776
0.6432,0.1467,-0.17,0.732,3.0,22.742166309242748,65.3663953022899,1739132362.4184678
0.6491,0.1282,-0.1569,0.7332,3.0,20.988529950854684,67.93870628113785,1739132362.4918377
0.6556,0.1006,-0.1378,0.7356,3.0,17.677508266910593,71.67085368866327,1739132362.497005
0.6565,0.0688,-0.1174,0.7419,3.0,12.121618461907758,75.67726633911792,1739132362.4995399
0.6345,0.0519,-0.1104,0.7632,3.0,8.694883341178667,77.30451416744847,1739132362.5026302
0.629,0.0696,-0.1295,0.7634,3.0,12.024527937356623,74.4095359425786,1739132362.5249076
0.6346,0.1181,-0.1725,0.744,3.0,17.18956631893684,67.18473701290637,1739132362.5416229
0.6194,0.2057,-0.2632,0.7104,3.0,20.178900411340464,52.29050422083549,1739132362.614353
0.6077,0.2517,-0.3102,0.6864,3.0,20.79172211416474,44.22761529175344,1739132362.6181784
0.6099,0.2593,-0.3114,0.6811,3.0,21.195877814778555,43.50646002687674,1739132362.6205928
0.6306,0.2261,-0.2686,0.6921,3.0,21.00714157718764,50.210857887963556,1739132362.6268933
0.6477,0.1683,-0.2087,0.7131,3.0,19.890245913105616,60.21630682182615,1739132362.648219
0.6654,0.1086,-0.1503,0.7231,3.0,16.485077665093797,69.94569440069534,1739132362.7196362
0.6384,0.0656,-0.1222,0.7571,3.0,11.345142486570865,75.3736104502652,1739132362.7228386
0.645,0.0623,-0.1356,0.7495,3.0,7.216805260511137,74.15356674720033,1739132362.7259908
0.6603,0.0942,-0.1744,0.7244,3.0,9.280879357180169,68.45260660596682,1739132362.7296205
0.662,0.1403,-0.2195,0.7028,3.0,12.553523262834176,61.11729645521251,1739132362.7539158
0.6448,0.1796,-0.2652,0.694,3.0,14.466769914856172,53.95711298023443,1739132362.7747302
0.6331,0.2056,-0.2953,0.6854,3.0,15.374048922267264,49.1383586341957,1739132362.795597
0.6339,0.2105,-0.291,0.6849,3.0,16.35068023321122,49.22323442538263,1739132362.8158681
0.6432,0.1935,-0.2559,0.6952,3.0,17.575185942625467,53.89381380575463,1739132362.8354201
0.6598,0.1597,-0.204,0.7054,3.0,18.223743827542563,61.28715419770555,1739132362.852625
0.6675,0.0959,-0.1346,0.7261,3.0,16.132305904865973,72.2915785838614,1739132362.876523
0.6675,0.0594,-0.1061,0.7347,3.0,10.241338207089427,77.34888458633816,1739132362.946322
0.6567,0.0386,-0.0969,0.7469,3.0,3.6520739371453317,79.34393865757846,1739132362.9509022
0.652,0.0488,-0.1178,0.7474,3.0,4.657587126701571,76.66717608157722,1739132362.9530053
0.6528,0.0878,-0.1698,0.733,3.0,8.910005803434387,69.27781695541574,1739132362.962662
0.6431,0.1366,-0.2405,0.7141,3.0,10.845779178063964,59.20484748822557,1739132363.0315785
0.6365,0.1818,-0.2994,0.6871,3.0,11.711332965859128,50.311201989899416,1739132363.0356505
0.6481,0.2124,-0.2988,0.6675,3.0,14.507001859870797,48.30631826556487,1739132363.0382528
0.653,0.2032,-0.2527,0.6844,3.0,18.403574989505614,53.476744813259586,1739132363.0448854
0.6686,0.1678,-0.1854,0.7003,3.0,21.72918773413261,62.35636199620728,1739132363.065932
0.6712,0.1184,-0.1265,0.7207,3.0,23.39770087583281,71.36332494777585,1739132363.1387239
0.6553,0.0779,-0.0958,0.7452,3.0,21.044529106328866,77.13288210630526,1739132363.144004
0.6543,0.0652,-0.1136,0.7448,3.0,11.809692035667268,76.26567981547782,1739132363.1474144
0.6541,0.0893,-0.1526,0.7354,3.0,11.939625359954846,70.9510975307254,1739132363.1500056
0.6485,0.1295,-0.2092,0.7203,3.0,13.01652519154797,62.832793554782796,1739132363.2196531
0.6286,0.1728,-0.2803,0.7046,3.0,13.171060684492659,52.86711141995801,1739132363.2240698
0.6182,0.2125,-0.3372,0.6776,3.0,13.098643111252358,44.3372903400865,1739132363.2283466
0.6251,0.2336,-0.3408,0.6622,3.0,14.334647677834596,42.50976516994319,1739132363.2334208
0.6351,0.2204,-0.3044,0.6749,3.0,15.901830093274668,47.16772559288529,1739132363.2543523
0.6541,0.183,-0.247,0.6912,3.0,16.36938268932343,55.51078288921482,1739132363.274841
0.6649,0.1345,-0.1901,0.7097,3.0,15.402250263290057,64.38609070821241,1739132363.294919
0.6572,0.0978,-0.1533,0.7314,3.0,13.850445448729602,70.36504499020216,1739132363.3670185
0.6672,0.0767,-0.133,0.7289,3.0,10.757514071646881,73.65471778275662,1739132363.3729541
0.6669,0.0631,-0.1234,0.7322,3.0,8.010239805684932,75.38419217033572,1739132363.3760293
0.6511,0.073,-0.1412,0.7422,3.0,9.33506422391909,73.02526440715098,1739132363.3785498
0.6412,0.1072,-0.1905,0.7356,3.0,11.54538922736765,66.06526870103596,1739132363.3968966
0.6313,0.1549,-0.2693,0.7106,3.0,11.544581003071812,55.11869607097685,1739132363.4689152
0.6141,0.1994,-0.3539,0.6766,3.0,10.426070054460354,43.38588428595449,1739132363.4731832
0.6286,0.246,-0.3844,0.6297,3.0,10.922945591468448,37.012165128712354,1739132363.4752145
0.6353,0.2494,-0.3537,0.6396,3.0,13.636880962462385,40.02916336948243,1739132363.4841037
0.6496,0.2198,-0.29,0.6675,3.0,16.193552711583095,48.64110799978056,1739132363.5038464
0.6667,0.1694,-0.2168,0.6927,3.0,17.35385211013528,59.37791319306251,1739132363.5764108
0.657,0.1182,-0.1639,0.7263,3.0,16.92135603659449,68.00153608141659,1739132363.5809913
0.6516,0.084,-0.1364,0.7415,3.0,13.573865353309941,72.88170208547331,1739132363.5831206
0.6436,0.0806,-0.1402,0.7481,3.0,12.443769794082215,72.70478999907351,1739132363.589451
0.6419,0.1149,-0.176,0.7374,3.0,15.35417780386615,67.05202187258698,1739132363.610761
0.6201,0.196,-0.2916,0.7015,3.0,15.686981075229426,50.17722427209668,1739132363.6825745
0.5957,0.2423,-0.3819,0.6637,3.0,13.739395590578056,37.53958972811995,1739132363.688315
0.5994,0.2846,-0.4182,0.6203,3.0,13.473676978392916,30.543011233946913,1739132363.6925514
0.6008,0.2872,-0.4064,0.6256,3.0,14.66234990950602,31.630624977608335,1739132363.6946065
0.6176,0.2635,-0.3667,0.644,3.0,15.15402211778246,37.630148405906766,1739132363.7170477
0.6372,0.2231,-0.3182,0.6655,3.0,14.53531289693845,45.58199310751712,1739132363.7850933
0.6339,0.1833,-0.2826,0.6962,3.0,13.905246773372568,51.94939291239422,1739132363.7886274
0.6428,0.1682,-0.2625,0.6997,3.0,13.332457681623737,54.987365509520544,1739132363.7918093
0.6428,0.1709,-0.266,0.6978,3.0,13.324611656916375,54.454167845032,1739132363.7996364
0.6472,0.1859,-0.2795,0.6844,3.0,13.484048944256642,52.09153864811117,1739132363.818597
0.6481,0.2034,-0.295,0.6719,3.0,13.874189148991434,49.32545526356296,1739132363.8394175
0.6445,0.2187,-0.3065,0.6655,3.0,14.683084861110558,47.080129329282556,1739132363.8595738
0.6396,0.2333,-0.3136,0.6619,3.0,15.884004387012965,45.3022108532644,1739132363.8804607
0.6424,0.2387,-0.3138,0.6572,3.0,16.16713196531424,44.87674131129211,1739132363.9014487
0.6476,0.2394,-0.3131,0.6521,3.0,15.855643527725874,44.89446095647142,1739132363.9216192
0.6541,0.2361,-0.3137,0.6465,3.0,14.886717715643414,45.0835408054873,1739132363.9456053
0.6608,0.2305,-0.3177,0.6398,3.0,13.292174111586178,45.095640265442256,1739132363.966521
0.6668,0.2249,-0.3253,0.6317,3.0,11.365412511204113,44.725892222140004,1739132363.9865909
0.6713,0.2205,-0.3344,0.6237,3.0,9.550704291152442,44.0910142326494,1739132364.007309
0.6743,0.2169,-0.3436,0.6167,3.0,7.963126816738821,43.366985160091104,1739132364.0284014
0.6772,0.2139,-0.3522,0.6096,3.0,6.5195003348849525,42.64868827176244,1739132364.049332
0.6794,0.2112,-0.361,0.6029,3.0,5.17058507560364,41.87088502967748,1739132364.0693998
0.6789,0.2094,-0.3704,0.5983,3.0,4.125327935414134,40.95589901236491,1739132364.0897593
0.678,0.209,-0.3798,0.5937,3.0,3.286295451693263,39.935815672850595,1739132364.1105115
0.6801,0.2114,-0.3951,0.5803,3.0,1.8772084099508675,38.07308912592998,1739132364.1306424
0.6823,0.2144,-0.4078,0.5677,3.0,0.750128806186126,36.44883034929953,1739132364.1505768
0.6832,0.2179,-0.4219,0.5547,3.0,-0.3559097061578882,34.62046593564344,1739132364.1756938
0.6843,0.222,-0.4354,0.5412,3.0,-1.3889418697835936,32.803518583125424,1739132364.1956334
0.6853,0.2268,-0.4489,0.5267,3.0,-2.3954437606756755,30.928695640772276,1739132364.216899
0.6848,0.2311,-0.4634,0.5127,3.0,-3.4173465526175733,28.94537268933854,1739132364.2379973
0.6837,0.2343,-0.4772,0.5,3.0,-4.415597010017848,27.08769711976487,1739132364.2586436
0.6844,0.2361,-0.4882,0.4874,3.0,-5.478845221780375,25.637662847845064,1739132364.281219
0.6851,0.2372,-0.4987,0.4751,3.0,-6.566863413247859,24.276261678020063,1739132364.3004324
0.6859,0.2393,-0.5103,0.4604,3.0,-7.7500518847209605,22.703374570657246,1739132364.3196077
0.6842,0.2418,-0.5225,0.4478,3.0,-8.706942533539348,21.013866006895228,1739132364.3393364
0.681,0.2441,-0.533,0.4388,3.0,-9.342589550422701,19.53758063612861,1739132364.3605976
0.6772,0.2475,-0.5433,0.4301,3.0,-9.832833306479557,18.00464130671213,1739132364.384575
0.6761,0.2489,-0.5461,0.4274,3.0,-9.943037817416837,17.557823960623296,1739132364.401331
0.6701,0.2526,-0.558,0.4192,3.0,-10.359790315139321,15.776218340164405,1739132364.4246404
0.6625,0.2538,-0.5685,0.4166,3.0,-10.523972658908832,14.307805618512106,1739132364.4463995
0.6543,0.2531,-0.579,0.4154,3.0,-10.72244440728224,12.937261716330994,1739132364.4667063
0.6469,0.2518,-0.5872,0.4164,3.0,-10.765540565031927,11.896210596541778,1739132364.4871497
0.6436,0.2505,-0.5896,0.4188,3.0,-10.673140206418083,11.643918367340348,1739132364.5069842
0.6476,0.246,-0.5831,0.4243,3.0,-10.63828565453693,12.794716516601596,1739132364.5312922
0.6606,0.2365,-0.5657,0.4333,3.0,-10.794916819253473,15.682441138019442,1739132364.5480964
0.6823,0.2188,-0.5375,0.4446,3.0,-11.505890121069513,20.37129189552661,1739132364.6244268
0.712,0.1929,-0.4992,0.4545,3.0,-13.06542229530487,26.60793030193537,1739132364.6282036
0.7535,0.1691,-0.454,0.4444,3.0,-15.784696199895905,33.363317461386885,1739132364.6314514
0.7572,0.1406,-0.439,0.4628,3.0,-17.55257751533327,36.41887040879931,1739132364.6337051
0.7439,0.1457,-0.465,0.4573,3.0,-17.766759002930172,32.9932865710889,1739132364.6547663
0.6955,0.1987,-0.5562,0.4093,3.0,-16.608944616809538,18.91406070683101,1739132364.7274613
0.6443,0.2309,-0.6168,0.3887,3.0,-15.119053728412808,8.931660879525595,1739132364.7320657
0.6097,0.2521,-0.6436,0.3879,3.0,-12.889158296665926,3.8658296188284282,1739132364.73515
0.6243,0.2609,-0.6227,0.3931,3.0,-11.814699339130868,6.386497471348832,1739132364.7404234
0.6714,0.2391,-0.5688,0.4105,3.0,-12.502831308408133,15.121939183271365,1739132364.813385
0.7253,0.1936,-0.4993,0.4327,3.0,-14.731759815910948,26.558740267257235,1739132364.8183532
0.741,0.1351,-0.4487,0.481,3.0,-16.999541496924166,35.431135581845325,1739132364.821435
0.749,0.1214,-0.4345,0.4852,3.0,-18.19919657222141,37.685238246299264,1739132364.8236055
0.7417,0.1395,-0.4594,0.4684,3.0,-17.580096904440268,33.93215510123267,1739132364.842911
0.7198,0.1722,-0.5054,0.4435,3.0,-16.29065459431024,26.77709779934301,1739132364.8638444
0.6837,0.202,-0.5618,0.4198,3.0,-15.417786751271876,18.00455826332339,1739132364.9367661
0.6423,0.2224,-0.61,0.4072,3.0,-14.339795852733971,10.344410405450105,1739132364.940443
0.6216,0.2398,-0.6214,0.4123,3.0,-12.087101424140144,7.789966885889612,1739132364.943564
0.6543,0.2294,-0.5815,0.4256,3.0,-12.172969045972366,13.93706717090322,1739132364.9497435
0.7052,0.1967,-0.5186,0.4417,3.0,-13.912584208390115,23.94429759252776,1739132365.0221882
0.7344,0.1385,-0.4567,0.4825,3.0,-16.56923810029639,34.30928298035357,1739132365.0281549
0.736,0.1051,-0.4247,0.5166,3.0,-17.77992671098835,39.42799470061067,1739132365.0325196
0.7387,0.1143,-0.4325,0.5042,3.0,-17.625647824352797,38.17050512948407,1739132365.0356627
0.7227,0.1407,-0.4763,0.4807,3.0,-16.657794196637184,31.76092529157367,1739132365.0525203
0.6932,0.174,-0.5391,0.4457,3.0,-16.11727782367973,22.306157010235125,1739132365.1226428
0.6553,0.2034,-0.5964,0.4166,3.0,-15.467215487669904,13.198300079438923,1739132365.1246638
0.6257,0.2211,-0.6224,0.415,3.0,-13.63312062326412,8.641414949601739,1739132365.1268566
0.6503,0.2206,-0.5886,0.4266,3.0,-12.934244619763831,13.427208171487933,1739132365.1381364
0.6966,0.1925,-0.5337,0.4391,3.0,-14.68567570459021,22.186843095089927,1739132365.1548183
0.7299,0.1449,-0.4772,0.4675,3.0,-17.214466979560598,31.48780721829945,1739132365.2319763
0.7335,0.1057,-0.4398,0.5074,3.0,-18.557110484789888,37.53120603378133,1739132365.2365742
0.7401,0.0999,-0.4218,0.5142,3.0,-18.62971063071359,39.941594426905056,1739132365.2407455
0.7374,0.1136,-0.4278,0.5102,3.0,-17.1943229953107,38.775405308723094,1739132365.2430005
0.7245,0.145,-0.462,0.4905,3.0,-15.221348951388649,33.39609649867333,1739132365.264875
0.6909,0.1771,-0.5266,0.4627,3.0,-14.346004338930527,23.814925177954876,1739132365.3376768
0.6453,0.2049,-0.6023,0.4229,3.0,-14.717604836501607,12.300171036433994,1739132365.342745
0.601,0.2205,-0.6597,0.3937,3.0,-15.035056811996924,3.172049135237785,1739132365.3458407
0.5944,0.2322,-0.6709,0.3777,3.0,-15.220711734322833,0.8570915884186263,1739132365.3484027
0.6197,0.2249,-0.6457,0.3853,3.0,-15.669868744143912,5.044079058506128,1739132365.3667881
0.6698,0.1836,-0.5835,0.421,3.0,-17.12711298992457,15.892008616628743,1739132365.3881843
0.6802,0.1526,-0.5538,0.4553,3.0,-17.54226303763693,21.198006829799795,1739132365.4595048
0.6871,0.1469,-0.5369,0.467,3.0,-17.239930787925545,23.670996116491295,1739132365.4628384
0.6899,0.1536,-0.5311,0.4673,3.0,-16.502704016992112,24.190671416626515,1739132365.4670615
0.6902,0.16,-0.5282,0.468,3.0,-15.752520285686757,24.323125897183758,1739132365.4737513
0.6901,0.1605,-0.5226,0.4742,3.0,-15.177236755114365,25.037969594424567,1739132365.4944713
0.6957,0.1591,-0.5107,0.4794,3.0,-14.87080522852554,26.643512402709604,1739132365.514686
0.7056,0.1551,-0.4933,0.4844,3.0,-14.820953207742633,29.042585314311992,1739132365.535773
0.718,0.1494,-0.4741,0.4872,3.0,-15.094920573305956,31.704170472969395,1739132365.5554912
0.7314,0.1412,-0.4548,0.4881,3.0,-15.779718430966426,34.44177576414987,1739132365.5761867
0.747,0.1305,-0.4337,0.4867,3.0,-16.912360386012097,37.457109477217216,1739132365.5966585
0.7631,0.1155,-0.4101,0.486,3.0,-18.52334503364679,40.88266137255266,1739132365.6168234
0.7772,0.0977,-0.3866,0.4868,3.0,-20.501070224466645,44.317223402889596,1739132365.6366537
0.7872,0.0808,-0.3671,0.489,3.0,-22.483521320489928,47.15828462836092,1739132365.6584406
0.7952,0.0647,-0.3483,0.492,3.0,-24.475822841776676,49.823709710842365,1739132365.679189
0.7982,0.0588,-0.3404,0.4935,3.0,-25.217153675106744,50.90079816633801,1739132365.703114
0.8008,0.0549,-0.3342,0.4938,3.0,-25.756500300812434,51.7281366529333,1739132365.7236419
0.8033,0.0508,-0.3275,0.4948,3.0,-26.296180411278613,52.609339546669105,1739132365.7445319
0.8063,0.0452,-0.317,0.4974,3.0,-26.95967117480157,53.96647960045382,1739132365.764792
0.8105,0.0385,-0.3032,0.4997,3.0,-27.852864052086005,55.72514466780686,1739132365.7854838
0.8156,0.0313,-0.2899,0.4998,2.0,-29.082454654485417,57.412092666291244,1739132365.806307
0.8215,0.0242,-0.2798,0.4962,2.0,-30.668771214639747,58.69764024098643,1739132365.8264546
0.8262,0.0178,-0.2724,0.4928,2.0,-32.191382354235486,59.6350400724298,1739132365.8466744
0.8305,0.0115,-0.2643,0.4902,2.0,-33.70216418491776,60.63756102311652,1739132365.8670275
0.8371,0.0002,-0.2495,0.4869,2.0,-36.51430134791448,62.42155990132105,1739132365.8916032
0.8413,-0.0078,-0.2408,0.4839,2.0,-38.69326453689479,63.43586235894,1739132365.9082673
0.8452,-0.0139,-0.234,0.4803,2.0,-40.53598828391446,64.20418644256833,1739132365.9325063
0.8475,-0.0173,-0.2285,0.4789,2.0,-41.604711911645126,64.82227780581331,1739132365.9533603
0.8511,-0.0209,-0.224,0.4744,2.0,-42.94002745050278,65.31513795186595,1739132365.9737697
0.8538,-0.0244,-0.2214,0.4705,2.0,-44.17609622590646,65.57858051209757,1739132365.994544
0.8541,-0.0256,-0.2208,0.4703,2.0,-44.519298214547945,65.63140908540447,1739132366.0185807
0.856,-0.0256,-0.2211,0.4667,2.0,-44.749587282724576,65.59628074036476,1739132366.0392737
0.8582,-0.0234,-0.2202,0.4631,2.0,-44.45849129817961,65.73089336962113,1739132366.0556836
0.8616,-0.0206,-0.2136,0.46,2.0,-44.15604103820297,66.53505933994052,1739132366.0808523
0.8659,-0.0192,-0.1976,0.4591,2.0,-44.36194685291292,68.41640541317915,1739132366.100327
0.8713,-0.022,-0.1722,0.4591,2.0,-46.23990545756979,71.32312652009466,1739132366.1731346
0.8807,-0.0414,-0.1212,0.456,2.0,-58.230283980592134,76.60155384857626,1739132366.1765375
0.8881,-0.0612,-0.0865,0.4473,2.0,-75.29210726188273,79.15296804694333,1739132366.1785443
0.8892,-0.0746,-0.0627,0.447,2.0,-90.0095937421928,80.13360817752175,1739132366.1829448
0.883,-0.0705,-0.0696,0.4588,2.0,-84.65671432135434,79.94719716736506,1739132366.206208
0.8851,-0.0486,-0.1152,0.4482,2.0,-62.76145879789772,76.95354128614701,1739132366.2275755
0.8806,-0.0137,-0.1859,0.4355,2.0,-44.64485792525997,69.83354660840959,1739132366.2481506
0.8535,0.0107,-0.2635,0.4496,2.0,-36.640338268447124,60.73468498992497,1739132366.3205338
0.8344,0.022,-0.3173,0.4502,2.0,-34.42938444849037,54.22565512846444,1739132366.3237708
0.8388,0.0224,-0.3126,0.4452,2.0,-34.68855599358031,54.78935440821223,1739132366.3269928
0.8572,0.0115,-0.2532,0.4484,2.0,-36.53018729428129,61.95208357627885,1739132366.3820157
0.8737,-0.0067,-0.1729,0.4547,2.0,-41.469998429364836,71.38972276623724,1739132366.3861034
0.8801,-0.0313,-0.1016,0.4626,2.0,-56.13982678747931,79.11338463452643,1739132366.3895862
0.8598,-0.0618,-0.058,0.5035,2.0,-83.2081841861717,81.59465152891073,1739132366.3930266
0.8625,-0.0643,-0.0861,0.4944,2.0,-73.67520613617057,78.98101180606255,1739132366.4116936
0.8654,-0.0508,-0.1398,0.4785,2.0,-57.77539872254712,74.20988769380887,1739132366.4364932
0.8587,-0.0339,-0.2091,0.4666,2.0,-47.43480371198123,66.85945202645661,1739132366.456829
0.842,-0.0283,-0.2755,0.463,2.0,-43.804108596243026,59.161223764321505,1739132366.4781935
0.8445,-0.0202,-0.303,0.4412,3.0,-42.9744319156064,55.960718633583525,1739132366.4975145
0.8553,-0.0152,-0.2709,0.4414,3.0,-42.65896682073284,59.8319306037815,1739132366.5190208
0.8726,-0.0165,-0.2027,0.4441,3.0,-44.425062301538844,67.84976480378555,1739132366.5911667
0.8819,-0.0283,-0.132,0.4517,3.0,-51.72432649127623,75.80094326761039,1739132366.5956175
0.8774,-0.0483,-0.0812,0.4705,3.0,-69.2878998172323,80.47479917901774,1739132366.5993452
0.8688,-0.0672,-0.0662,0.4861,3.0,-82.94685438779857,80.49255326089434,1739132366.6014817
0.8687,-0.0708,-0.0927,0.4814,3.0,-75.12209372389327,77.92126344710499,1739132366.620754
0.8655,-0.0439,-0.1845,0.4636,3.0,-51.95332697670034,69.45353200046239,1739132366.6976986
0.8481,-0.0237,-0.2682,0.4564,3.0,-43.50797239921923,60.078548979724985,1739132366.7025688
0.8334,-0.0061,-0.3362,0.4387,3.0,-40.02192765601052,52.01911123377221,1739132366.7061677
0.8371,0.0112,-0.342,0.4268,3.0,-37.854001832091114,51.298528597055366,1739132366.7082498
0.8542,0.0136,-0.2889,0.432,3.0,-37.222094915519165,57.69666757099594,1739132366.7274387
0.8754,0.0009,-0.2089,0.436,3.0,-40.02187973375055,67.20147141073437,1739132366.8005345
0.8776,-0.0245,-0.1354,0.4593,3.0,-49.37539950818871,75.4997902487599,1739132366.8051
0.8647,-0.0482,-0.099,0.4901,3.0,-63.16072901189952,78.67467309309762,1739132366.8082373
0.8643,-0.0537,-0.1163,0.4865,3.0,-62.15477371812443,76.5978959588341,1739132366.810499
0.8665,-0.0374,-0.1661,0.4694,3.0,-50.98883368805221,71.71110681739407,1739132366.8334749
0.8564,-0.0157,-0.2318,0.4611,3.0,-42.32070360120329,64.44932913499127,1739132366.8538494
0.8342,-0.0048,-0.3115,0.4551,3.0,-39.012721343879974,55.01349299977568,1739132366.9260912
0.8124,0.0104,-0.4028,0.4214,3.0,-37.84946601708711,43.795926793954266,1739132366.927104
0.8187,0.0267,-0.3916,0.4191,3.0,-35.73587862471345,45.09711396418558,1739132366.9296575
0.8374,0.0329,-0.3356,0.4302,3.0,-33.954624605941575,51.90403112584184,1739132366.9359565
0.8601,0.0264,-0.261,0.4374,2.0,-34.01349394225329,60.90246946723374,1739132366.9564917
0.8716,0.007,-0.1948,0.4497,2.0,-37.39532882525316,68.83832523822795,1739132366.9813168
0.8776,-0.0167,-0.1498,0.4552,2.0,-45.69067643231466,73.97904300056985,1739132367.053112
0.8818,-0.0385,-0.1183,0.455,2.0,-57.478567365682125,77.02462369130751,1739132367.058132
0.8757,-0.0502,-0.1009,0.4695,2.0,-64.99841138186255,78.37655364785093,1739132367.0624106
0.8688,-0.0397,-0.1366,0.4742,2.0,-54.323953122535755,74.96248105942328,1739132367.0645077
0.8594,-0.0258,-0.2035,0.4683,2.0,-45.38354822549698,67.644617205158,1739132367.0828004
0.8372,-0.0204,-0.304,0.4543,2.0,-42.09766294268661,55.838046789565965,1739132367.155003
0.8193,-0.0175,-0.3848,0.4247,2.0,-41.947767490358274,46.00614659061918,1739132367.1592214
0.8278,-0.001,-0.3797,0.4131,2.0,-40.374853667930836,46.68651332218681,1739132367.1613681
0.8437,-0.0005,-0.3264,0.4261,2.0,-40.03698239771009,53.218419047482485,1739132367.165494
0.8556,-0.0103,-0.2722,0.4401,2.0,-41.691524796991274,59.70538567275332,1739132367.1894877
0.8572,-0.0237,-0.244,0.4528,2.0,-44.44807183976681,62.93803359020205,1739132367.2106562
0.8605,-0.0307,-0.2442,0.446,2.0,-46.512277125643266,62.82246323672632,1739132367.2831452
0.8622,-0.0307,-0.2563,0.4359,2.0,-46.75546325953215,61.399268142500915,1739132367.2881706
0.8619,-0.0272,-0.2675,0.4299,2.0,-46.041517533454964,60.123244935913306,1739132367.290689
0.86,-0.0225,-0.2751,0.4293,2.0,-44.89268826920352,59.2715456262014,1739132367.2927692
0.8575,-0.015,-0.2815,0.4302,2.0,-43.15236292279445,58.57316899277157,1739132367.3126016
0.855,-0.0055,-0.29,0.4299,2.0,-41.137636254716426,57.59646402419537,1739132367.333493
0.8523,0.0043,-0.3012,0.4276,2.0,-39.28380223191749,56.25514850565341,1739132367.353485
0.8474,0.0121,-0.3136,0.4282,2.0,-37.72713567556872,54.738392961334654,1739132367.374624
0.8387,0.0182,-0.3339,0.4299,2.0,-36.48601638173972,52.2457696684105,1739132367.3981717
0.8356,0.0184,-0.3409,0.4302,2.0,-36.41395962953402,51.39663558681664,1739132367.415879
0.8289,0.0123,-0.3649,0.4239,2.0,-37.72887381241685,48.488661833254014,1739132367.4640074
0.8259,0.0028,-0.384,0.4128,2.0,-39.77019323882192,46.15392484004019,1739132367.4672246
0.8222,-0.007,-0.404,0.401,2.0,-41.73811578032971,43.6522820506016,1739132367.481148
0.8171,-0.0136,-0.4216,0.3929,2.0,-42.911873454279345,41.4199589791599,1739132367.5015619
0.8105,-0.0152,-0.4359,0.3911,2.0,-42.98256538578548,39.59740864568212,1739132367.5223293
0.8046,-0.0107,-0.4473,0.3903,2.0,-42.237658877274754,38.162206669074436,1739132367.5458124
0.7996,-0.0042,-0.457,0.3897,2.0,-41.28809381367617,36.92671437106313,1739132367.5628116
0.7949,0.0013,-0.4669,0.3875,2.0,-40.596730989351556,35.65109572723432,1739132367.5866883
0.7913,0.0031,-0.4777,0.3817,2.0,-40.62157823966788,34.24530538784779,1739132367.6037302
0.7888,0.001,-0.4874,0.3745,2.0,-41.23009006029213,32.97811469336915,1739132367.62847
0.7896,-0.0068,-0.4952,0.3623,2.0,-42.883872894038575,31.946160791868692,1739132367.648216
0.7921,-0.0113,-0.4958,0.356,2.0,-43.84934944228692,31.854427490176533,1739132367.6706033
0.7956,-0.0154,-0.4948,0.3493,2.0,-44.82399141549635,31.972554342228506,1739132367.6905158
0.799,-0.0197,-0.4933,0.3433,3.0,-45.780229933257715,32.151130794526296,1739132367.7106783
0.8018,-0.0248,-0.4915,0.3392,3.0,-46.702559765785054,32.35532087533821,1739132367.7345867
0.8035,-0.0308,-0.4899,0.3369,3.0,-47.59429630388911,32.52189985393798,1739132367.7545664
0.8044,-0.0373,-0.4903,0.3335,3.0,-48.576501344639865,32.410092501404165,1739132367.7757773
0.8054,-0.0435,-0.4933,0.3256,3.0,-49.77202979402833,31.95172355521757,1739132367.796366
0.8062,-0.0502,-0.4965,0.3177,3.0,-51.010161694883806,31.447564035978928,1739132367.8169363
0.8073,-0.0583,-0.498,0.3111,3.0,-52.347221127106366,31.134051370412692,1739132367.837228
0.8079,-0.0665,-0.4992,0.3062,3.0,-53.57549627410748,30.838568185107988,1739132367.856693
0.8076,-0.0721,-0.5025,0.3,3.0,-54.531338447652274,30.305104084531308,1739132367.878307
0.808,-0.0752,-0.511,0.2834,3.0,-55.78844901761397,29.12286151032839,1739132367.9001758
0.8074,-0.0765,-0.5162,0.2755,3.0,-56.33387594239565,28.405208860453968,1739132367.9196706
0.8065,-0.0793,-0.519,0.2721,3.0,-56.788387475801414,27.97648586552802,1739132367.943663
0.8074,-0.0825,-0.5176,0.2709,3.0,-57.25315410797538,28.09834571761803,1739132367.9634407
0.8127,-0.0837,-0.5101,0.2691,3.0,-57.742398946900835,29.064567478098184,1739132367.9847312
0.8223,-0.0837,-0.4944,0.2691,3.0,-58.23270690709282,31.127727827415185,1739132368.0051742
0.8344,-0.0835,-0.4714,0.2733,3.0,-58.653687654331804,34.110334021326224,1739132368.077375
0.8479,-0.0856,-0.4427,0.2788,3.0,-59.48678856549998,37.715753832912384,1739132368.0819569
0.8619,-0.0887,-0.4106,0.2838,3.0,-60.70941849178166,41.642136253918295,1739132368.0841238
0.8746,-0.0947,-0.3769,0.2899,3.0,-62.51028379431108,45.58165496655502,1739132368.087231
0.8853,-0.1013,-0.3461,0.2937,3.0,-64.7055534583917,49.04057499081523,1739132368.107234
0.8927,-0.1048,-0.3231,0.2963,3.0,-66.35381806758625,51.60313665090112,1739132368.1283872
0.889,-0.1075,-0.314,0.3156,3.0,-66.09852740160872,52.54967650976499,1739132368.1483378
0.8788,-0.1022,-0.332,0.3273,3.0,-63.427370378807694,50.663243317505305,1739132368.1692743
0.855,-0.0802,-0.4135,0.3026,3.0,-58.23136332603602,41.49660177701435,1739132368.2416344
0.8243,-0.0662,-0.4904,0.2751,3.0,-55.97688326332937,31.998295455330208,1739132368.2470448
0.7798,-0.0722,-0.5664,0.2564,3.0,-55.80812740090579,21.682615826008828,1739132368.2496243
0.7515,-0.0831,-0.61,0.2373,3.0,-56.97784077136188,15.321377063362888,1739132368.2550879
0.7582,-0.0917,-0.6011,0.2353,2.0,-58.17727714827643,16.420688976604822,1739132368.2756503
0.7914,-0.093,-0.5539,0.2415,2.0,-59.30592315383251,22.97648212639217,1739132368.3473146
0.8287,-0.0961,-0.4885,0.2557,2.0,-60.726166187523404,31.60086083975574,1739132368.3506577
0.8613,-0.0975,-0.423,0.264,2.0,-62.68346597373929,39.86373986733534,1739132368.3537004
0.8752,-0.1114,-0.3725,0.288,2.0,-65.17983234111404,45.55691033913973,1739132368.3570926
0.8825,-0.126,-0.3471,0.2912,2.0,-68.434558067083,47.97865246317434,1739132368.376792
0.8841,-0.1384,-0.3463,0.2816,2.0,-70.86147531671054,47.52491025731504,1739132368.3981867
0.879,-0.1394,-0.3694,0.2675,2.0,-70.49341422286346,44.80629298771427,1739132368.4185646
0.8664,-0.1312,-0.4089,0.2547,2.0,-68.15207371696391,40.456159672480936,1739132368.4430501
0.8309,-0.1249,-0.4857,0.2409,2.0,-64.99781977243288,31.120422016299557,1739132368.5154233
0.8104,-0.1151,-0.5269,0.2289,2.0,-63.294742438907946,26.04252469684286,1739132368.5193288
0.8104,-0.0923,-0.5278,0.2371,2.0,-60.35611680643365,26.519606687083638,1739132368.522607
0.8299,-0.0716,-0.4929,0.2514,2.0,-58.15678994400878,31.572743082613187,1739132368.5257325
0.856,-0.0624,-0.4394,0.2651,2.0,-57.61976837460679,38.624234477289036,1739132368.6009486
0.8818,-0.0659,-0.3804,0.2709,2.0,-59.495379745550935,45.89822018238209,1739132368.6051702
0.8997,-0.0822,-0.326,0.2786,2.0,-63.691071115033424,52.024935213330934,1739132368.6068714
0.9044,-0.1033,-0.2903,0.2951,2.0,-68.26104749611602,55.425336308316275,1739132368.6098118
0.8989,-0.1091,-0.3043,0.2958,2.0,-68.25409421143627,53.596682510091455,1739132368.628448
0.8856,-0.095,-0.356,0.2827,2.0,-63.982076556931304,48.07766236379007,1739132368.6523464
0.8606,-0.0836,-0.4226,0.2716,2.0,-60.41926853921734,40.283176711980644,1739132368.6724892
0.8223,-0.0933,-0.4962,0.2628,2.0,-59.67019483429246,30.666727467989432,1739132368.7452228
0.7749,-0.1135,-0.5809,0.2221,2.0,-61.80699671124421,18.73491571794105,1739132368.74896
0.7797,-0.1054,-0.5788,0.2142,2.0,-61.70382803130059,19.24350272676338,1739132368.7521834
0.8088,-0.0952,-0.537,0.2202,2.0,-61.56776824379821,25.216650612247804,1739132368.7583554
0.8434,-0.0923,-0.4754,0.2327,2.0,-62.30754813954999,33.387961305345954,1739132368.7748387
0.876,-0.0951,-0.4083,0.2385,2.0,-64.62587844779293,41.746152151249845,1739132368.8514163
0.8885,-0.1172,-0.3513,0.271,2.0,-68.23217116337236,47.8453541605501,1739132368.8557725
0.8865,-0.1293,-0.3398,0.2864,2.0,-69.67341439003735,48.677595313251715,1739132368.8583114
0.8781,-0.1193,-0.3727,0.2752,2.0,-67.09318840548156,45.244977121036925,1739132368.8604684
0.8599,-0.1013,-0.4254,0.2636,2.0,-63.09623385629402,39.452943977535455,1739132368.8813982
0.83,-0.0925,-0.4903,0.2491,2.0,-60.72296398815064,31.458801197190525,1739132368.9024637
0.7935,-0.0974,-0.5544,0.2313,2.0,-60.457985094837824,22.806433803522083,1739132368.9746237
0.7771,-0.0886,-0.5847,0.2156,2.0,-59.85497557910688,18.80777154907446,1739132368.9792585
0.8083,-0.0714,-0.5358,0.2333,2.0,-58.23538302227311,25.878505795047232,1739132368.981323
0.8431,-0.0732,-0.4702,0.2507,2.0,-59.033272900617106,34.485033414069306,1739132368.9868143
0.8759,-0.0825,-0.3954,0.264,2.0,-61.75730985856288,43.67110336862817,1739132369.0084493
0.8959,-0.0977,-0.3279,0.2834,2.0,-65.7827481704393,51.30260466486732,1739132369.028444
0.8982,-0.1091,-0.3006,0.3016,2.0,-68.13143347727595,54.01836308104279,1739132369.1008067
0.8937,-0.1063,-0.3242,0.2912,2.0,-66.85068849857612,51.42189335138349,1739132369.1049185
0.8806,-0.0984,-0.3696,0.2798,2.0,-64.02592609524174,46.34357138639021,1739132369.1084595
0.8604,-0.0953,-0.4162,0.2781,2.0,-61.72978564884218,40.76832605123076,1739132369.1110344
0.8416,-0.0941,-0.4518,0.2808,2.0,-60.05865727488151,36.34887392633772,1739132369.131556
0.8318,-0.0877,-0.4681,0.285,2.0,-58.44319831895817,34.43861485783927,1739132369.152291
0.8298,-0.08,-0.4662,0.2961,2.0,-56.84374694779743,34.858152079865164,1739132369.1724613
0.8314,-0.074,-0.4543,0.3113,2.0,-55.468893711435584,36.506899489508015,1739132369.1936371
0.8335,-0.067,-0.4324,0.3373,2.0,-53.52043094022636,39.42239049356107,1739132369.2175732
0.8319,-0.0601,-0.423,0.3542,2.0,-51.76821296032358,40.73111083432315,1739132369.2368307
0.8263,-0.0502,-0.4203,0.3716,2.0,-49.341556506819586,41.233049611048216,1739132369.2581506
0.8175,-0.0366,-0.4231,0.389,2.0,-46.24170164342843,41.05768254489925,1739132369.2783225
0.8077,-0.019,-0.4281,0.4049,2.0,-42.66132846217266,40.57144401474653,1739132369.2994094
0.7977,0.0004,-0.4336,0.4192,2.0,-38.96942445160494,39.924582167910614,1739132369.3195884
0.7878,0.0184,-0.4393,0.4314,2.0,-35.641118699144585,39.14959013500942,1739132369.3402903
0.7783,0.0333,-0.4444,0.4423,2.0,-32.850255935467516,38.38917422651821,1739132369.3603506
0.7691,0.0463,-0.449,0.4525,2.0,-30.38684541026339,37.65327856634488,1739132369.3816931
0.7601,0.0579,-0.4528,0.4624,2.0,-28.143903498121716,36.997817881542744,1739132369.4016802
0.7518,0.0687,-0.4565,0.4709,2.0,-26.124788476489897,36.33108407353029,1739132369.422536
0.7435,0.0784,-0.463,0.4761,2.0,-24.500481838646238,35.30305273756045,1739132369.4426775
0.7338,0.0892,-0.4738,0.4785,2.0,-22.97492704980445,33.67203980563221,1739132369.463444
0.7224,0.1041,-0.4863,0.4806,2.0,-21.026882724334826,31.670133027068914,1739132369.4835346
0.706,0.1343,-0.5023,0.4809,2.0,-17.514471597348205,28.660501670506648,1739132369.5070567
0.6977,0.1561,-0.5114,0.4768,2.0,-15.422137230400068,26.67159574055779,1739132369.528364
0.6903,0.1741,-0.5201,0.4719,2.0,-13.879938401474845,24.794240475451602,1739132369.5485137
0.6822,0.1852,-0.5291,0.4694,2.0,-12.9225834391886,23.127146510799037,1739132369.569687
0.6763,0.1929,-0.5361,0.467,2.0,-12.32896958628345,21.851589696622852,1739132369.5902534
0.673,0.199,-0.5396,0.4651,2.0,-11.853380355369666,21.10113501174004,1739132369.6113937
0.6729,0.2061,-0.5397,0.462,2.0,-11.37116340239777,20.738473029550818,1739132369.6314175
0.6726,0.2127,-0.5394,0.4598,2.0,-10.866906017751774,20.44211045128438,1739132369.6512544
0.6707,0.217,-0.5405,0.4593,2.0,-10.466601095961948,20.07403055078396,1739132369.6725426
0.6668,0.2175,-0.5425,0.4623,2.0,-10.16376643067386,19.786753578492522,1739132369.6927252
0.662,0.2156,-0.542,0.4706,2.0,-9.644611588248495,19.951767583375897,1739132369.7128377
0.6626,0.2142,-0.5339,0.4797,3.0,-8.980832125177784,21.080553139423955,1739132369.7335477
0.6706,0.2112,-0.5172,0.4881,3.0,-8.482700960630666,23.39109929953085,1739132369.7584348
0.6827,0.2026,-0.4937,0.4991,3.0,-8.263548831454955,26.813365065837218,1739132369.774975
0.6982,0.1875,-0.4637,0.5123,3.0,-8.459306473433031,31.293370082142644,1739132369.8505206
0.7249,0.1531,-0.4085,0.5331,3.0,-9.868206904204726,39.588993305393274,1739132369.8538525
0.7437,0.1255,-0.3686,0.5435,3.0,-11.782603206991126,45.48475849634798,1739132369.855958
0.7595,0.097,-0.3315,0.5513,3.0,-14.459866400451915,50.90455513370287,1739132369.8606002
0.7731,0.074,-0.3019,0.5529,3.0,-17.400901565959316,55.09879930219347,1739132369.881316
0.7761,0.0596,-0.2874,0.5581,3.0,-19.30872989043303,57.18179620229813,1739132369.901718
0.7698,0.0605,-0.2971,0.5618,3.0,-19.11266804812692,56.01659920995783,1739132369.9216402
0.7606,0.0784,-0.3337,0.5514,3.0,-17.58293136561619,51.2238634124798,1739132369.942517
0.744,0.1071,-0.3929,0.5297,3.0,-16.04754326919098,43.25628537459286,1739132369.9633348
0.7143,0.1351,-0.4675,0.5029,3.0,-15.47894315436028,33.080590244375884,1739132370.035188
0.6774,0.1591,-0.5435,0.4694,3.0,-15.708459265886717,22.333037297874142,1739132370.0408924
